2766
6955
8851
8876
7287
4075
3497
1862
4230
9277
8093
794
6209
2306
1396
817
7331
8438
3848
4292
1656
341
8848
5030
5084
2881
9827
4462
951
2425
8417
1942
5132
1733
1365
8729
8245
166
7505
4443
5475
8617
4493
6173
381
9252
752
4019
2546
1152
8145
8523
3431
9301
9868
5819
7266
3144
7052
9204
3466
2431
9024
5768
1090
5741
445
1082
3700
5043
8501
6537
6401
4550
576
4916
377
5488
7618
3594
5913
191
5958
5195
6276
182
9506
1219
5596
367
1815
6824
7924
3523
4747
5494
4558
6433
9745
9055
7292
3765
6272
8987
4348
3593
2498
5699
5553
2504
484
6411
2007
8498
4689
4607
178
1961
6656
5472
2630
47
1438
4267
2492
3306
1245
1358
4420
6185
3332
7889
7997
3617
5648
7947
838
745
3796
2488
7498
5608
2831
6622
734
5879
7987
9133
1452
4831
5503
7422
2083
9960
1810
2056
7745
6660
578
3704
3442
723
550
1242
4644
9422
591
8706
5650
4526
5493
9622
6367
5251
9503
2703
5201
4000
5352
5643
6555
7970
7090
121
3961
5420
8369
4902
9135
4923
7265
1393
7454
1
943
5615
9113
3959
428
6720
7400
9314
1386
6163
8639
9147
5212
3098
4159
6796
2072
7009
2866
4056
7150
6899
9204
6235
4794
1896
6990
1111
1465
9833
1801
4127
5377
590
7192
1566
3796
7105
7662
7596
5494
1349
2605
8585
1300
1309
7009
8819
9782
5256
7646
8983
1322
6700
5662
414
324
7944
9662
1031
4314
4226
8543
5913
9419
3782
384
9275
6997
4045
4693
4571
7413
5020
2028
2582
5251
9025
8634
1390
2868
6475
8738
5904
7247
2200
3985
9205
7380
321
669
5272
815
515
462
5025
7401
9264
473
2599
1901
2772
8568
9125
9282
9847
9747
819
9442
59
4640
9876
5186
3871
7324
1198
1402
4601
3879
4479
1651
1448
3994
5264
7504
7498
412
9872
8251
7366
7874
1684
9709
8158
4835
1448
4395
4828
4507
5162
6196
800
1882
2976
9957
6542
1660
5039
1531
93
7064
2688
4970
46
2178
576
1226
1108
8106
8337
1880
8979
9720
7539
2843
5366
1378
5701
166
5017
5627
382
9673
962
7073
9730
454
8279
3619
8648
6310
1067
2105
2592
662
5044
7102
5998
764
5496
2216
7217
3823
1804
998
1593
2306
7632
6446
6544
9879
504
8858
1450
9625
2385
1208
322
6563
5815
1113
4920
5497
7135
7798
6297
1061
8178
7598
6463
6918
5768
3003
7907
9514
6065
3218
4551
5321
7229
9540
8685
164
2661
1095
8778
5050
8756
985
7668
7282
2856
3704
8980
2590
2068
4726
5458
5776
8233
2510
1971
29
8269
727
8145
4530
7478
6450
7588
2887
9921
8555
9952
7750
935
7721
3234
9656
886
3893
1716
173
3759
2495
251
9410
3541
968
6659
1762
8304
9558
1479
9329
638
9073
3964
5812
1305
4271
5699
815
6024
5834
3502
4655
6666
6216
8593
6221
4475
6817
5453
381
2938
3399
2887
5009
7691
7950
729
2077
3829
1026
2574
9843
5420
5824
6123
7437
3084
4138
8974
5219
2777
7805
3856
795
5172
5430
8760
3594
3127
1505
4230
7256
1025
9053
8755
6805
8080
8227
959
5769
5553
3503
5973
1339
4279
8285
5730
4337
6876
1425
2743
2700
5900
240
8153
8380
2630
6518
9940
1135
6935
6182
6746
4807
889
9300
5792
729
6930
775
3278
6453
8997
4933
3812
7626
1037
2342
841
2463
1145
8807
9367
1000
4699
4602
4304
9646
2465
6718
2880
3837
7279
5435
7793
3265
6819
7454
3307
704
6053
3884
1869
1318
996
4971
5953
1318
2681
9593
3344
1889
3193
9451
8498
3287
948
6361
9321
4846
4001
7569
1094
7576
2466
5627
7934
5749
3726
2482
2510
8303
9639
8972
546
5804
8171
6033
8026
6798
241
5295
7631
9830
7091
8559
8600
8805
9815
6991
9632
1866
7039
7193
4785
8722
6281
9015
5894
268
40
9333
6383
1221
6486
5941
7944
2925
4698
502
8588
943
4393
2648
5146
5032
4747
7302
1352
8086
8570
5401
4118
1591
3508
4649
5503
2422
4792
9441
4998
6096
5221
369
3428
5160
2356
8787
9174
375
7894
1781
6792
5016
5232
7409
462
6323
3412
6850
2420
8055
6210
9588
9569
3415
5513
1823
1350
3583
155
639
2022
9067
7656
2891
1415
426
4587
9990
6208
9035
8612
7935
8250
6782
5041
5679
6511
5239
4350
6356
1375
484
9870
8090
4382
4167
9056
2904
3345
5384
4230
7797
4912
836
3032
4363
2719
7187
3226
5384
6319
8290
5832
299
8058
2064
2237
5125
6209
2689
5914
3776
7441
1137
521
6829
5764
7810
8027
8583
1890
2442
3147
9259
9600
1742
2879
6928
6431
1924
8680
775
8332
8364
3796
7778
5056
8886
8912
6102
4069
91
1063
5348
3226
233
1278
1570
673
1169
1230
9395
922
6112
1263
9188
9466
2527
2579
2839
7712
7528
6346
4583
9307
427
9669
3301
7873
1960
7751
2026
7895
1955
6346
6617
6201
3903
2688
1094
8729
4105
3262
3210
392
6500
1775
3573
8321
9918
864
8731
1968
1569
1879
3712
9786
9800
2949
5738
2340
2824
73
4886
7775
1827
409
3580
2302
8655
1411
8363
1217
8251
2276
6850
5075
2173
7505
7663
5811
8640
5581
8158
5578
9706
1506
4693
9305
283
2885
4636
6493
509
307
2305
2816
1270
5342
9233
5679
3139
988
2620
6192
1643
8366
9502
652
9384
6529
1352
4449
2081
3759
6306
4972
8746
7680
9429
1194
5435
4209
1492
3612
255
7366
790
6507
7253
584
6588
778
3273
3230
9341
7556
8225
8498
2592
5765
7125
664
3551
1609
291
7555
1916
1602
7453
7561
951
9490
2548
3869
6196
1830
4530
5197
3191
6801
596
4613
3802
6716
3339
6043
7832
6270
7564
3302
2572
8983
418
1073
7468
2403
6148
9762
6756
3994
8926
6876
3161
6268
3236
2984
1264
8046
4394
32
125
2773
3568
7351
7150
6910
778
3459
2069
8742
6324
5311
3136
24
4066
1426
4596
5168
6475
2314
3391
1513
3211
4482
3225
6788
7676
7900
7297
6992
8987
9734
3723
1405
7421
5665
7315
7047
5237
509
6828
5762
1930
7580
9364
2229
9102
2071
1025
5368
9651
6837
3352
7104
7572
1477
8807
3722
2430
250
1693
9350
9257
8280
1651
2338
2213
7113
200
9528
911
9619
3394
2960
2884
3834
9868
1931
9163
6575
466
1133
1392
5799
7782
8693
2275
831
2968
6956
7997
3014
9122
197
554
1702
2134
6957
3851
7401
3265
1847
1362
8528
408
3185
2787
8332
9366
4077
2203
4848
4782
4104
4275
9410
7303
5031
8477
4346
5727
5752
4548
1099
1435
6417
5793
837
217
5960
7582
139
913
4709
5093
7893
9968
8822
9126
2022
4761
991
9916
8366
242
1532
2972
856
729
7557
4778
2104
2997
6929
3170
9110
8404
1745
7844
91
3753
9319
8972
5088
2506
236
2837
9281
8123
3209
3284
4002
860
5360
1518
3243
4987
4686
1758
1071
7614
1158
6254
5430
2532
8838
4530
5561
9035
1177
4707
8922
4257
1263
102
6119
7020
5570
6568
5176
4170
6140
9794
1401
8069
4962
2691
6688
6013
1689
2672
2035
3490
9285
6414
9163
5205
4731
8079
5905
7475
2393
7814
7228
8850
2773
1324
1390
9036
102
2604
1853
4406
8682
3701
8289
6264
7518
2030
9333
2112
8448
3198
5639
8163
8660
5814
7503
4271
6510
437
3215
5903
3867
6833
5043
2344
711
9674
2325
6669
6050
2572
5075
5215
8167
7405
7440
9259
5110
1963
7378
4388
4364
7414
2173
8275
2506
3244
1329
3342
9785
4739
5342
5922
4114
9434
3099
1499
9000
6007
5180
8861
7946
620
312
5813
9613
9022
7112
6899
183
7593
6067
4013
8381
5310
5579
8382
2458
1448
6589
1924
5733
8457
5073
4869
6403
9657
9579
2196
2613
1803
8255
2826
9111
6301
5358
156
5917
9063
7829
3811
9398
6292
5939
5863
4911
9738
6999
1301
3704
4996
3593
3833
753
8441
7035
56
9604
7019
5562
7745
2648
8184
6921
4797
3970
8324
8620
1313
5549
4128
4577
4676
521
5711
7996
1765
395
122
4144
8299
1058
1488
1091
6762
2293
743
8660
9841
7241
4727
2197
1703
604
674
6464
7180
9318
3920
9167
4469
6143
4635
6087
8973
5968
3792
756
5549
66
9879
5097
2791
6237
6956
2277
6014
4269
9598
1101
3617
8726
9094
9691
6974
1098
4511
2979
3185
5180
6206
5930
4186
959
1125
6588
7074
4831
310
5068
9143
5963
7533
656
2002
889
2294
4845
1086
7159
5188
1520
2159
2389
2672
4233
6920
3116
3227
5648
8143
5654
40
6785
5730
4975
3656
4417
5932
5460
2398
6912
6201
9388
4571
8422
5350
4925
93
6428
6351
6826
5337
7935
6148
7859
929
7521
1705
2653
7648
4852
1963
6422
5698
2328
2677
788
1526
5995
4338
8170
8312
8280
1707
4018
2569
8497
7763
9956
9830
6065
4392
18
1108
9720
5324
5738
9478
7306
8749
7864
2536
8259
5530
8395
6128
6335
7851
639
232
9594
8462
8835
6405
5793
3546
5692
6967
7337
7523
4532
414
9799
5309
185
9183
5887
3126
6530
7160
1036
997
1542
2267
7074
8945
7438
8838
9051
4103
1835
6930
7130
3367
6484
8521
1111
28
9306
101
9281
9974
3168
248
6565
566
5179
7853
8471
9249
7153
7788
3655
6879
2742
6944
2307
1295
7856
9782
1838
6389
3880
361
975
8881
2646
6653
6470
8523
2291
4369
226
2224
7711
7724
2880
762
8617
8365
3517
3151
9573
4693
75
5948
7171
9477
8126
8009
6693
8290
268
8579
6151
7587
6146
392
4290
6709
1609
8369
5644
5653
6887
7800
3199
792
1566
9545
3664
1248
7306
6149
9191
3168
7765
5418
3995
3694
8998
9509
8586
3826
8523
8267
7103
7041
6612
9668
4586
900
1005
2179
2853
1335
5831
9005
6084
4661
8649
9632
234
7557
4190
319
3659
1937
4622
1539
8789
4318
8160
4088
4844
2413
290
5295
8341
2027
2097
7899
8944
9044
4671
5165
6527
826
7827
4162
2605
2338
5982
8428
7486
3197
9050
2857
8265
1725
6651
9593
3457
7781
2456
3040
3180
8866
2716
5231
2607
7857
5855
9063
1055
9631
9266
3869
8832
5870
1815
9603
6713
1651
7759
8714
5755
9443
3906
1747
3233
4784
7223
9261
7270
6721
346
694
9332
1850
3352
5855
3775
859
9786
3424
1283
5799
8505
1071
8899
8580
3350
633
4670
8785
4512
7019
4465
8813
7604
6901
14
624
300
6017
3055
1414
1847
627
7686
6688
569
2993
7005
1049
6121
9803
2808
6403
1800
5243
8441
1278
7492
5687
2050
3916
4746
6284
2615
3422
2927
4556
9432
7487
4164
1060
2284
7423
8797
8477
6265
8241
3451
843
4452
795
3464
1348
2174
1939
350
3397
7619
8070
4346
9419
4157
7149
9287
6539
8169
9978
443
4961
810
5060
9964
4377
7436
2831
9169
5338
9290
4782
5890
9302
9266
712
5660
5046
4405
5793
9580
5065
8970
7581
8623
5607
2021
814
6738
9926
7747
9456
4625
3886
7507
405
3343
4801
7639
6859
2293
3256
4580
6520
2950
9250
8616
136
3022
977
1808
2552
5941
6734
4895
5568
4440
1784
6076
597
2785
9562
7815
3442
373
7820
8334
9651
2672
9949
2888
6315
214
9796
2870
3194
3629
393
9898
4758
8405
8300
9281
83
4379
8520
7492
5474
3373
3676
8648
3519
8968
8987
1969
6537
5267
9262
6385
5154
1480
8417
8830
1212
4114
5846
8190
889
5085
575
7429
8563
9872
7189
1066
54
9341
3200
2538
5017
6211
4600
9029
2563
1151
8421
241
2050
3179
2806
2266
4784
5644
8576
4367
26
1442
6870
409
2315
6494
1398
9977
205
3952
1947
7520
2025
3316
8297
2614
538
9106
3305
3433
6319
1965
9227
7607
6280
9273
5057
9383
7909
7091
5960
3695
1992
719
9912
7040
403
6514
5113
9542
6541
1876
1904
6557
6009
1808
7668
8448
7676
4165
3538
5833
2140
9864
3194
6633
9430
3622
3483
2772
9359
3065
1768
6427
2706
6878
2269
9561
2989
3883
8117
2320
397
3078
9691
7004
7859
4761
6172
2861
8083
5969
8505
7143
3358
3801
4930
2756
3257
735
2140
6933
3735
1613
6626
103
1663
9061
9716
5982
7341
9335
7087
8676
5901
3523
5014
7852
6744
4787
2601
4980
9987
9453
2066
1863
2887
3882
5498
1618
881
4685
8292
7383
8001
7510
6741
7631
345
7440
6529
1243
1169
6071
5731
856
8444
8354
394
3326
3777
6844
9901
5039
7049
4701
1159
6078
3874
1405
6189
857
6117
8432
6874
8641
2080
7968
509
291
3843
7679
2986
7148
6496
6806
7048
2629
9339
8646
3222
6569
775
1215
1394
8701
7906
9595
9193
1066
3925
8434
4826
3240
6577
8501
6856
9640
6399
5641
7598
369
3558
2351
895
2206
4219
9102
5525
3272
9780
4063
5884
3303
8520
9526
5940
4723
1313
6167
3836
9985
9275
3633
8993
9703
1396
2038
6861
3706
9096
9221
7457
9016
3613
4945
7197
8010
8082
3098
5144
1909
5388
6681
8250
8017
1383
411
5283
137
3499
4226
4162
510
3862
548
7902
6493
6972
8077
7965
8700
4487
5877
4820
5384
1255
7935
1908
8644
4340
8715
4271
931
7406
5148
1782
5249
6030
2505
9354
607
1772
8786
6292
6932
984
8495
1142
2361
2458
3775
2486
5649
9073
1667
947
4386
6677
8406
3543
7891
8455
4329
9036
6095
8487
342
5288
8913
3400
9756
195
3976
6124
5311
2145
9049
9977
6642
2620
5908
1880
335
3492
6275
6906
4701
9096
8961
1499
7632
4658
3163
821
8983
1644
9641
4164
7417
5214
6828
964
9173
2038
5258
1465
5091
9282
116
2085
1416
738
693
234
806
8283
5578
2422
569
5438
1772
3912
378
2823
8494
492
1672
4482
5543
2529
6910
5920
6552
9197
8920
5364
1784
8644
9428
3880
5827
1966
5416
4525
4746
1684
7843
4910
4119
4542
2295
108
6935
6689
6129
8285
4074
4580
7309
7385
5206
2074
6394
5535
9956
1488
4233
7030
703
2967
6501
3401
8370
7727
649
6552
7149
1052
2304
7545
8964
6046
5662
5761
3716
720
5840
737
99
3885
9812
4330
5005
3517
5757
4316
9604
2411
985
5451
4522
6665
7219
6808
7501
2217
5012
2606
7562
943
2072
3995
4468
81
9896
1631
7395
4460
4686
5711
3779
4540
5386
5566
2283
8751
7778
5617
9764
4376
3659
7440
1808
7734
7256
6525
6107
5667
5989
6034
8159
6528
6697
5318
8923
1943
5034
252
1407
4335
3103
7195
3245
9478
8484
202
1931
2220
219
1299
4250
499
3760
7959
1343
2828
28
6630
1300
6069
3554
5782
1996
4316
2896
6440
1757
1305
37
3419
3436
1147
4387
8080
4624
1599
9815
6619
1896
718
3118
3728
3952
4545
3876
7351
7620
7353
1417
6403
8082
3999
6918
5126
6793
9288
8144
8629
4408
7644
5048
5117
4328
7647
199
4640
9232
4890
8614
2567
1987
6626
8696
4076
6180
318
3110
1909
8219
9875
463
2809
5063
3170
9835
7945
3762
7353
4205
8448
2355
7216
7861
4149
2165
9617
2810
3311
5034
2668
4330
374
2408
8586
726
6850
7184
4966
1675
6037
7047
7071
3189
4665
322
6625
7334
284
1665
5078
7782
5239
3850
1647
7435
3666
2351
8149
1858
2611
239
4162
5271
3331
2974
362
709
2959
9330
849
5207
4346
3286
6089
9537
64
8813
9248
7350
9574
6164
3692
4197
7631
2651
1064
3767
3453
5643
9087
9497
1369
5358
2281
6438
3497
4625
9378
3692
1006
5580
3091
924
192
6947
80
2203
8131
2948
2640
6086
7647
7773
8698
8060
4203
9519
5024
4956
7934
4059
8009
9966
7525
446
1774
7786
8022
2045
1639
2594
3116
2826
67
7661
9741
8383
3330
1584
2313
7092
2285
5848
300
7871
4314
5046
6799
2538
2883
3786
907
5947
307
8008
3643
4257
8590
3379
220
6155
6234
2289
252
139
6261
4431
8737
5657
2246
3168
1476
5185
2377
3624
8706
1533
7149
4044
2593
6963
3332
7829
4199
6204
8808
6187
2482
8700
6520
2893
3720
7728
7691
5445
4420
9470
8939
5241
4539
2198
538
5868
4938
5527
7825
1240
1391
3276
6356
7717
5589
7175
5028
3190
5299
9390
9817
3994
7167
2511
4365
8849
9587
8173
3391
5229
1962
5657
8829
2049
5912
2023
2894
4849
8853
5365
7128
1910
7275
6032
4395
300
2793
6619
5847
258
4821
8451
1203
3674
6541
1230
3565
6854
7460
8688
8874
1190
526
3770
4050
8687
3706
1124
4506
384
7822
6514
1120
5818
1648
3797
2409
6331
7284
3414
6713
436
6572
1708
2904
1176
704
305
9306
6469
6811
1757
7968
6938
3898
5087
6450
892
2848
623
4540
2403
4423
1427
5528
9092
2491
8036
3231
8709
4880
1439
7120
8188
723
1486
7632
5644
9685
3536
1277
9130
9020
3051
417
1933
5751
707
2528
2930
4041
3651
5554
5004
3326
3807
3616
3568
1293
8738
4095
526
2814
467
1992
5547
8724
7172
1548
1660
445
1520
7216
9503
9297
4494
2833
2630
7928
3027
6334
4391
7032
7056
9184
7548
5810
2797
4794
4153
7531
8762
1061
2040
3875
346
1040
5714
7661
4251
5498
4033
2027
2156
7504
9056
7838
5691
8339
1579
3875
1727
6347
4113
6988
8140
8832
5353
6599
9394
4928
1367
4708
6565
8431
5351
4324
5799
2325
9211
8141
3122
5413
9954
3375
461
7464
3505
1118
3569
278
7804
2054
1622
3018
7301
8765
3250
1421
3913
7780
3850
7698
1461
582
3195
6989
5353
1999
2878
2762
5786
3649
2901
2370
6929
1312
8268
3112
3356
3783
2683
5934
9436
5882
4131
3178
5535
634
8547
2079
7076
9662
5341
5562
9228
6866
153
1928
5963
6722
1870
7437
7902
2667
2510
2446
554
9553
2325
5707
7194
5860
1844
7373
7823
5134
647
5865
3681
8631
2237
2512
663
1407
1580
5483
2288
8536
7466
4849
9677
3702
7929
5601
919
9897
2672
8100
6938
8270
3771
6378
5068
3899
9373
7243
4714
2970
9800
98
9207
3086
5904
2680
2614
3068
8347
7872
1756
3592
1059
1547
1106
2983
1294
7489
9766
9490
1235
1242
8799
8857
8600
1159
7624
7811
4619
370
6962
8249
7011
2605
3658
8129
9202
1760
8064
5890
4907
712
5853
9806
4501
2564
457
8740
7143
9889
4112
7670
5178
8119
5314
8537
3968
6350
7107
8518
9160
6512
1713
4525
1491
3760
6179
5207
6872
1936
9404
3299
7331
6613
9797
2428
65
5754
289
2312
9923
1370
9408
7216
9701
629
3025
5228
1021
8803
7148
5430
709
9521
4924
7526
7818
7969
6233
6355
8924
4503
4121
8912
6873
8145
8205
4018
4163
9750
2180
7578
9342
8170
6114
6242
3004
9327
233
4054
8759
2721
5746
6924
762
3417
4167
8926
6778
206
1223
5073
7652
2353
1462
1959
2118
6511
4108
6371
8991
3
9676
9817
2653
2097
7050
4912
6247
8348
7576
3216
5999
8967
1360
4338
296
8685
7706
5752
6931
3070
8321
9249
3110
3293
3910
939
9151
1426
7572
4117
4581
7832
9118
5791
1351
4530
5059
1159
3668
2831
9989
4414
220
9694
7869
9518
1372
2933
7758
8136
52
6554
4531
9347
2439
4183
7049
2890
3582
4596
9656
5578
2627
1281
2717
9887
7159
3313
6708
4208
969
7349
4213
5160
792
1247
8363
8910
7662
7628
9729
5976
6159
4973
5327
2416
9545
3953
9136
4802
6911
6771
9510
5156
2304
2443
7867
7514
3193
8358
7707
4372
4420
8870
2276
8999
476
9001
4394
6219
8514
3738
6677
7002
8436
5991
858
8930
1181
7907
2689
3574
5405
9666
1506
4372
6206
5990
8129
1028
5370
1354
1808
7326
5484
6945
7661
3762
8760
2498
5581
9618
7075
7950
7391
5852
1641
9865
6942
4003
5910
2296
4812
2897
9971
9087
3894
4422
5513
1892
7815
5864
5486
558
6696
5500
2025
3957
2059
9216
2090
8074
3830
8809
6663
1740
2281
370
7053
4997
9125
2043
45
260
1522
7710
8637
264
2857
7169
2478
6636
6844
7785
6992
6734
6819
7475
1879
1082
2965
9018
8917
7263
1507
8
8471
3770
3998
5453
8905
2785
1064
4762
6992
7904
2028
1318
9514
8477
1629
181
5612
5213
7457
290
3222
7562
4047
9197
8862
9575
3851
7003
5183
4026
5718
5888
4296
6579
578
8182
2074
8540
7207
9592
6813
1299
6365
863
5290
3744
2221
9255
2878
9093
9799
5216
845
8144
2293
4405
586
7081
2974
6319
4131
2959
2222
8014
1145
1154
8758
6148
3843
2254
9407
5012
9076
7972
9656
2286
4997
1944
2641
6013
8874
6322
1104
1685
6397
2314
7150
1191
5702
5280
5604
1081
6933
2119
5300
8660
4172
4440
3965
7357
7234
4272
6213
2303
2265
1341
5045
8594
5775
2131
6597
1629
8006
4702
6358
328
6789
5349
9140
4261
4167
429
2957
2779
2558
3832
456
1263
9886
4326
3442
5969
3924
2144
3576
5920
6711
3761
8563
1058
6036
6703
5735
2126
5120
4197
1776
4144
6491
7410
3450
5624
608
5274
81
4336
9253
8697
9463
1248
6864
1162
8123
4243
4782
8276
1682
156
2542
4207
7264
2067
1366
3150
8239
9561
9369
6350
7798
260
3783
8571
4250
5958
9732
2921
1443
302
6201
7928
9874
2726
5110
7265
7429
6228
3098
7362
4477
8296
5288
1128
7167
2155
9686
652
799
2802
9239
5715
4197
6836
7885
1621
1093
959
2417
6073
793
3158
6468
8610
6255
2305
3245
5993
9433
8125
4449
8550
2181
2191
591
8380
9407
854
5539
6218
1671
6121
3740
4825
8525
7915
1191
372
4277
3275
1613
5654
4210
3512
3777
4420
4679
1889
6334
2454
6090
570
6773
2583
1436
6188
7464
7286
1545
4666
3382
8836
3954
1852
3785
8855
9049
5076
5546
2045
7294
749
4131
4442
2506
1510
4806
3361
458
7095
8452
8353
378
4571
1873
89
5595
3554
6953
8598
4319
7061
5431
5546
4313
3391
2402
7278
467
3580
946
1164
762
2771
7184
162
6529
6200
9169
2068
4434
197
8330
1663
4240
2244
2662
7978
4057
2886
6369
8090
2856
3083
1041
1594
2928
4619
9041
4860
6807
8881
8389
3456
6842
8220
3941
7822
5114
1807
9044
8034
5610
8250
7200
5972
4149
7218
736
6617
614
9493
891
9659
7589
2798
243
3298
8438
5850
3306
8004
7933
6525
9512
6779
1112
4584
2175
5356
8413
2119
7834
166
3145
6179
5361
8455
3320
3673
4715
5969
9525
9032
8590
5769
4861
7719
1797
5468
8849
7081
3475
5693
3017
3800
5104
5431
2365
6169
3003
316
7232
1121
5958
7708
5387
1630
3692
6094
2778
6542
1869
4882
8481
4511
8839
2823
8733
9087
7162
5150
3681
7854
7265
4068
9028
905
4542
3485
559
9987
8883
7224
883
9690
2448
6809
4516
940
3154
3044
1844
9612
9392
4531
1319
2826
1978
703
6136
854
4641
6570
6507
9028
4153
1828
5312
1786
3929
6286
1477
4076
3281
4052
8520
3101
3701
2031
5303
6044
1692
1974
3039
2
4688
1884
6052
5243
6137
4410
9948
8445
3481
231
3046
7085
9854
6216
807
4700
7233
676
2917
3971
2360
7522
9531
780
1079
4754
5695
6013
6805
7649
3785
8538
3632
8071
1063
8650
3049
5804
7417
8207
6098
1890
6308
6650
6414
6212
99
5261
6855
9245
5270
857
1772
7799
8287
8978
7401
5647
3755
5943
9283
2747
4970
394
454
5565
9874
140
8284
2259
3083
4797
9761
683
6068
1162
437
1631
4
9512
6508
5795
2814
7809
3412
1977
5491
1785
816
5415
331
2456
7420
2029
2029
6276
4395
8679
4657
2458
8203
7439
6979
8173
8871
2402
3698
5123
9098
625
8102
3704
6451
3582
8406
1435
3494
8234
6334
764
7255
8581
7851
9535
2562
8828
1421
8054
9556
6849
7682
1136
2896
1549
3488
3413
3715
529
887
4016
1343
7562
1115
1109
843
7291
2495
6324
9013
4324
8637
6116
2439
2860
4630
6413
9324
2529
878
9673
7966
8098
950
84
4509
8811
2601
644
3562
9986
2842
3130
1386
9963
6351
1362
7330
9737
5753
2344
3563
921
4948
9326
7571
3138
9945
801
754
198
1531
450
7522
3344
8556
3867
8801
5732
7496
584
5173
8746
3114
2657
4152
2339
4667
4434
7573
8780
344
1123
5862
1779
2815
8557
4654
4594
2693
3381
4636
5344
9882
1554
8522
5048
6366
1812
2926
2621
9558
7659
3927
1714
4843
3551
8960
371
1783
9894
2006
2284
6103
5944
9078
4879
8267
8222
9667
8560
8140
7370
1182
290
477
2076
8667
1091
6668
5706
866
4283
6327
9454
1229
1314
747
4193
9377
5534
6405
5584
1682
1602
1072
4665
8098
3452
4
9185
4924
5590
3649
7373
9953
1574
502
5036
5722
8299
6159
5291
9784
6400
8994
3200
2488
7777
1067
9766
9275
5911
2043
2066
4584
113
5639
7578
9007
7823
9856
9015
7207
8648
3951
107
1329
6829
1902
5536
3757
2554
3826
4388
2890
2219
4382
8999
2061
503
6829
2651
8878
8546
6468
6789
4878
6650
9202
6515
4982
4134
9763
9359
5734
5648
2985
8813
6410
6853
2698
496
3584
6333
2760
5270
9802
1697
5497
2579
7006
6910
3974
7025
8425
6744
943
4357
4008
2740
8024
5538
4877
2074
769
8203
5940
3150
2444
4276
198
2718
9845
1918
4208
9973
7648
1780
9677
8095
3688
3062
4589
8052
2867
3037
5592
8112
3272
6244
2676
7656
1752
4989
6647
427
5302
2962
8792
2969
9638
7492
540
3650
5869
9662
7258
5115
735
1925
4426
5108
6593
3838
7288
6606
9965
6788
9765
2796
6668
3810
4092
563
2128
9720
3199
346
1676
7304
8669
3925
7680
8614
5922
7035
4189
6168
2337
5164
6905
4521
3414
4625
1877
4394
5978
3395
9262
5327
213
2744
7617
2662
690
6278
8107
9516
33
1952
3009
1416
9511
7128
1638
9196
3231
5346
3284
3365
6072
3765
9370
8657
357
6689
3739
2758
5906
3286
340
6031
45
6050
6765
2597
7573
4957
6715
936
7341
6197
9680
4029
9858
7504
1372
5233
444
5168
3001
8638
6023
2584
7303
5880
5942
6880
2072
3200
1664
3332
7209
577
3649
6212
7405
8698
280
3390
2265
6211
5524
4680
2425
9030
2281
1069
3544
3337
4017
9473
731
7549
7788
7037
1670
2261
5272
9131
3515
1532
8846
468
7331
2599
2854
2935
7035
3078
5962
3926
2288
1815
2668
9151
1563
8469
8537
9569
2207
3257
7907
6294
2026
9290
2318
9544
6556
1093
7158
5302
6294
2586
3977
7895
329
3959
554
9061
7248
1637
4030
5459
1947
3611
1237
5257
2872
7288
5679
9573
4154
173
6753
9014
4540
6765
7399
467
1245
6983
6012
7110
6718
9488
649
3932
6458
6882
3403
1901
8878
5028
1912
5132
5106
8371
2467
2500
2026
93
5642
4393
4882
6385
1932
5725
8644
9841
3070
477
6809
8471
5138
7635
7168
334
8138
2195
2141
115
5281
115
5419
2467
1364
2075
9812
5381
8270
8477
2941
9447
4329
4748
8463
2587
2672
5304
9752
9128
8708
8539
8554
6533
9920
1897
3868
8084
6753
6840
6897
7097
9073
5789
1467
6732
6015
8640
4990
1052
1933
4311
6861
4570
2118
3572
7094
5954
7481
7798
9624
409
9552
7148
5720
7715
4164
2398
7620
3451
4519
6422
2956
7788
2058
1576
1276
1844
4470
4019
8837
3843
3163
4421
7046
485
2296
4144
8353
9255
6290
5233
1021
9659
7601
2928
2427
9907
9746
191
2940
1084
6931
6969
7766
1104
4468
4037
1526
4986
4291
3907
9328
2968
8813
2744
8696
7940
9871
7506
2676
7440
6239
7730
6305
7782
755
9713
6576
4033
1124
8835
2001
7019
3214
3695
23
7093
1738
7442
5677
1935
4778
5619
8400
7979
3490
5859
9325
4934
4893
1341
7898
8556
6228
6870
523
8968
981
179
7583
8423
3356
7458
5818
9146
9066
6173
6240
174
8643
249
192
3124
5787
3854
8202
717
3292
9542
3705
3783
6839
2007
1898
6397
2894
3844
681
9490
6273
2257
1510
5485
9129
1423
4514
9347
9973
7754
2249
421
1736
6102
9026
2897
4660
6977
6424
1518
9481
2440
5748
6429
8522
4160
5797
369
3120
7281
885
7942
6077
4906
6089
260
362
3928
2799
507
3570
1299
6675
4882
1817
4056
477
3308
4792
8829
7805
6435
5469
6036
4948
4992
7980
451
2297
5222
3138
5755
6800
7954
5861
9003
7679
1046
7240
8323
8618
2343
8344
4680
333
5977
8898
1098
422
8324
1627
9439
3794
2337
872
2055
1579
3332
6776
9138
454
5305
286
9832
7922
437
7072
4974
2623
2134
649
1506
4259
1191
8631
2649
4025
7166
9024
2730
272
6212
9085
7403
1890
8697
6398
6410
3398
1637
2700
4154
8816
3148
3191
4006
4908
235
1040
9338
5620
1617
902
3426
9975
5933
6052
1397
2709
6017
2150
2718
9760
4912
2348
4153
1573
7658
9382
8300
7229
9908
9282
5460
8043
3735
9950
4115
3071
556
2423
5269
5590
2176
7510
5171
3659
4466
4257
698
3449
9702
3155
4294
9064
9868
2279
4931
6684
1577
8680
3511
1891
3292
2066
2496
3218
5800
367
1921
5731
9759
8533
3730
1977
3187
7555
4008
7826
5315
6390
1931
7830
3786
8420
1647
9649
340
5484
9314
8898
5513
5635
164
7527
8271
4511
9882
4343
1660
5005
9602
8268
7788
4470
8496
1901
8032
7318
1183
2333
5630
8415
1113
9129
9695
1526
872
2828
1237
6840
3932
7006
798
6264
3033
4192
9320
5151
252
2709
8045
6676
7674
3435
1835
5468
2903
7365
3269
4688
7611
5815
5307
1871
2786
6152
4771
7316
258
6268
1164
7368
1750
4436
3506
5064
8245
3138
8666
859
1952
4785
3857
2964
9635
7847
6803
2873
9788
46
6026
4484
8808
3669
5937
5951
2430
6696
5294
5466
700
4462
5451
9616
5213
4676
5983
3008
6111
9056
2985
2810
1812
4929
128
2884
7203
283
8093
2205
9701
3612
4730
7819
7066
8059
103
1941
8681
8035
7613
4929
5019
8968
472
342
338
3216
3286
2027
9836
7424
1405
8648
511
7231
6257
9900
3578
8151
4733
1052
4445
9900
4148
4548
8430
1427
6626
4898
5515
4320
9591
8951
2941
706
367
5388
1434
9385
506
4470
406
4577
974
362
7779
8260
4297
3952
3435
5347
4545
6473
5277
4577
3818
150
7641
2879
558
4149
5361
6085
6223
8211
3120
3999
559
397
127
2730
7463
9853
9677
3553
674
5241
2736
3979
9825
721
7357
1213
3151
3306
1735
7322
7810
7653
2914
1041
1954
7817
1914
1220
4319
2620
81
4337
8125
5508
9172
8645
9912
4477
5354
1510
1704
5493
1092
4762
3168
9981
6412
2782
8255
6132
8943
8960
5614
1515
5086
5186
70
2850
9850
5240
8311
1304
9913
9405
5793
5260
4458
5764
8985
486
8646
9430
1444
6960
7791
3461
5278
7442
2406
5054
25
386
2943
395
8662
5705
1284
5577
9645
4590
114
7243
3371
4556
426
1965
4630
8967
8182
479
9251
7642
6188
3137
4539
6192
2479
533
5061
9306
9347
6348
8458
8899
5797
1332
6184
5381
182
8503
5606
1489
8462
9699
8481
7920
2254
2955
3548
3473
107
6829
5453
2754
8504
6855
6387
2933
4354
3248
5895
7142
3066
741
346
3385
7495
2362
9943
7402
6351
1517
2298
9448
6810
7707
7515
1201
9241
5789
1633
5584
8151
399
4198
8034
4700
6620
2811
7189
5057
3156
9958
7186
4459
9057
3845
7701
6108
9115
8867
7418
3549
2894
4375
658
9589
1562
7097
1231
2820
6183
5005
8135
9933
877
604
3217
4730
8137
3070
3500
9589
9954
2575
6838
4663
650
5932
6225
203
7906
8877
6232
8042
7300
5649
4364
9339
1171
7315
1393
3059
791
5414
6651
5921
3865
2098
7019
3771
7924
1672
9398
5443
6434
49
9217
7832
4306
7004
7354
5609
376
5839
4113
6904
4006
4795
1798
8109
3784
3001
8073
9585
9258
6185
2868
7938
8596
607
5937
311
1214
4639
3342
6122
5210
3539
4266
253
381
6249
1169
2285
9719
2864
5605
9640
1025
2402
4386
4564
4647
4704
1976
5011
2801
541
625
9891
8116
6420
3713
7927
7118
5986
5738
9650
5066
4457
4771
7235
1539
7186
8079
8641
5107
4892
4881
4265
7044
7617
9678
8274
622
6249
1319
2844
1340
3342
8133
7515
8709
5551
5754
7875
6515
9685
1910
3152
3695
4211
973
977
9191
1838
318
4866
6028
2851
2089
9795
1278
9772
6081
1252
5669
287
2616
1876
4864
9462
5766
6139
5745
9939
9699
9224
7764
6757
2135
2669
7094
3958
5475
6750
6964
7104
3287
27
7912
2694
8823
6964
9760
3837
3260
3971
3783
836
1996
1238
5336
3814
4741
7545
776
2344
2172
5727
4282
63
6528
4547
8960
2745
6049
3875
2114
8094
7985
3486
5282
6014
9699
8581
1696
8793
146
4994
9874
933
7431
2259
6791
3387
5713
1521
957
8342
3353
1663
4168
5710
5569
3107
4926
1742
9471
5558
7348
9284
6349
1333
7733
2980
6746
7145
3520
538
9691
5765
4253
7594
9732
9850
8513
3703
772
5767
1929
765
4793
5482
9981
4635
3090
793
7445
1981
8255
2414
6402
8623
1390
5351
3916
9750
2092
4170
6139
2235
3040
968
8373
3495
462
1263
6551
4434
6360
9151
5378
8597
8438
7886
6971
734
4814
3649
6311
5528
125
8770
2374
6261
5048
4826
3459
2831
2922
2650
78
655
5193
6511
2132
6704
5917
57
732
1349
285
9422
2372
2685
4556
1996
5847
4075
9041
7102
5583
4585
6114
2420
1363
2643
3267
6559
9787
3362
4877
3969
3832
3160
9200
7808
6268
2351
9109
2019
9434
1254
6884
408
2922
5174
6659
10
5347
973
9766
8553
4179
862
1562
6499
1712
8826
1966
4268
963
1557
2793
3737
1645
9388
6999
4501
7582
759
6506
6040
9306
6744
4171
530
7617
4695
4563
123
5061
255
6740
1446
5349
3377
4961
3141
1936
1129
6044
9523
7127
4859
9477
5146
3862
8688
2939
6425
5668
9208
5140
4790
7831
8237
4510
2275
3414
60
9024
4647
2713
9540
4874
6023
584
3670
2761
3804
5112
3678
9664
5581
2215
3002
4263
1831
3871
6878
8593
266
674
2915
5770
3642
5251
1014
6521
5225
400
9005
2001
1664
3998
3867
799
9587
1133
9214
7720
4829
7640
2388
2119
7047
6471
6437
9361
7109
1488
5001
6440
9897
5841
8052
8822
8012
2949
2985
9676
3034
1219
3660
3433
1035
9703
2257
3368
7296
849
3931
5694
9558
3778
6055
9268
7085
6823
7045
809
9069
7466
5396
8634
5064
4851
5535
4449
5379
9632
9459
7856
52
7940
7582
8523
7018
2971
3885
4668
6955
6869
5110
6397
6909
8032
8641
5998
3075
3908
3573
1233
6465
4988
4066
1268
7377
3069
7242
8695
4578
1115
4056
4873
3310
4392
657
6121
3551
6439
8258
3319
2407
5183
6171
3172
7052
3590
8416
9209
6512
8297
6767
1214
3136
2189
8624
3341
1338
3585
1524
5810
5968
2343
1624
6416
7804
7357
1312
5281
2774
5439
7227
182
9249
9819
1777
615
1563
8584
1018
970
3394
8667
207
2701
3862
4279
3901
7460
6742
8518
7979
5758
698
5452
714
6092
7683
9541
7984
6211
7129
302
2017
7211
3032
9166
7589
1882
6445
7902
9651
8308
5181
1964
5647
8254
6020
8479
1175
144
9182
5087
9362
3463
7765
5926
100
6438
1708
5178
8281
6577
9981
7884
3305
6646
2247
5317
1438
1012
2041
4896
9543
8597
9785
8822
3146
4642
3221
419
4998
6306
9070
2572
9290
2007
1525
9090
8861
7510
5702
6472
6629
4026
4393
2229
8269
8608
5791
5775
190
5777
6722
462
1784
5238
5031
5347
2777
9886
3134
3060
4462
3222
9431
7483
9236
8244
4987
186
4333
754
7372
9083
8455
4235
3218
8292
6606
2140
5670
5465
7287
1041
1169
610
2559
2656
972
9889
6756
6757
2958
6034
3087
9147
4401
4285
5255
9481
7455
9699
445
4046
6888
3080
7308
8240
1068
8013
6569
1700
9573
4666
5357
1643
797
6469
7273
9907
9692
4167
2065
3236
9286
7982
2451
6072
9589
6249
6423
5508
9704
7855
6559
111
7907
1496
8656
4974
6640
1254
6594
1139
196
322
2961
1949
107
7577
2050
7146
8562
7855
9436
6955
5893
8330
3922
6317
3415
1340
3467
850
5251
1865
9349
7878
4627
6282
1071
56
4798
1374
2241
4860
8993
8199
4075
6073
9799
7439
548
5130
6935
313
2787
5344
5774
8654
8024
6619
6844
7246
9269
7207
7274
420
9098
9825
9282
1043
7144
5891
2031
1282
7248
9375
7891
9965
3079
1204
6991
531
8982
958
6730
8748
7139
5271
9517
9703
5598
9025
6658
585
2974
1437
2960
980
1266
9901
4327
1461
9539
5768
8829
1411
3113
4140
9240
9055
7587
2889
3970
523
5756
7243
8589
4796
3871
6275
5513
3555
1928
9664
3949
4857
2249
4411
5800
2094
5258
4356
7490
2823
2734
345
3164
1601
4138
4768
8043
3683
1786
3718
8471
801
9362
2374
4553
4358
6963
4295
1992
2299
9482
5231
2967
8833
9510
9236
7557
4274
1703
4738
9189
6867
2358
7970
8287
597
889
650
236
2436
1409
5468
7428
4441
8069
2108
2722
8164
9697
1678
1514
8000
6460
3737
3649
3526
5361
6562
3256
204
5062
7372
6460
8994
2883
2231
3443
6069
927
2043
5916
4682
8631
7053
1512
876
9572
1307
2550
8026
4638
9066
1835
4205
6219
692
7547
8594
8864
9711
6115
998
4370
7380
7741
7522
7953
741
1826
7058
2348
5700
9546
3284
8096
3600
1056
3968
3988
573
9365
8584
5312
5607
9864
3445
3290
5210
461
202
8363
3743
4327
1973
7956
5237
8121
7134
6415
8447
2733
9850
1102
3673
5180
402
9055
6369
6037
8664
8845
9477
1132
8211
5705
1400
926
4039
9065
4509
2529
7811
982
8678
9775
533
3817
6521
3347
4604
8551
4174
3301
4682
5687
7952
3298
8755
8172
128
3658
5305
9408
4803
9694
8526
2549
1848
7186
9018
9939
1075
3447
5916
9552
8976
5113
5249
9640
230
4587
9877
5916
3282
7887
9914
8642
4589
1482
4655
4435
6832
8925
840
8410
3203
5277
2999
9369
2104
3357
5738
2020
2299
932
6442
3301
4776
3305
8959
5724
7519
9257
3049
1209
7481
8200
3627
2365
9642
3979
1713
7608
8834
8021
1903
5481
9723
8552
4814
8967
3326
2141
2106
4636
291
716
350
9664
6304
47
6795
2704
1701
1379
7347
3917
5539
5215
6887
5523
1898
1108
6395
1387
8283
6841
6929
9468
5317
7636
4254
1332
1186
7117
4394
4706
4664
1820
4648
9735
9079
5087
6774
9419
2872
1923
8720
1857
5670
3495
1857
3664
4152
9214
5268
3052
9259
7256
7551
5449
2499
9023
730
2220
4225
7175
9948
2571
5695
2115
114
7684
9494
5825
4903
605
765
9034
1380
5848
9566
6028
6597
5794
7750
5585
6396
401
7092
3514
2526
7971
8027
6085
5685
4739
2479
5488
6393
3652
412
882
9780
4759
3788
1405
1313
1603
5365
1602
3652
5214
3725
5221
3504
2671
6591
9286
2598
6197
2757
8938
2967
3112
9527
8107
9082
2393
3032
2028
3819
1449
4106
7286
2677
5018
8682
8792
1051
4072
7065
4653
2668
7962
8087
7629
5700
2112
3734
6409
1750
4908
3601
7159
6364
8836
1834
3924
316
8228
9309
7785
1021
883
1620
7383
1001
631
5136
6393
6338
930
1336
7430
6890
3340
531
3567
5336
5502
8366
1147
5098
6738
56
616
3995
486
9407
822
5950
4394
8693
9998
6271
5976
4061
5263
8328
5522
8085
4505
8040
3639
6527
9490
5557
4781
3853
983
6805
2739
7647
5902
6793
1430
8732
6898
2852
131
1691
1309
2657
3546
3480
6312
4509
9400
4847
2977
7285
9656
3510
853
4420
3385
5337
1678
7210
1661
300
4434
7538
5367
4366
4154
6548
6486
8492
6124
3045
3193
1986
8932
7693
6501
333
5740
759
4560
3174
3239
3975
6768
8279
5444
2689
7189
3972
9301
4132
6811
6465
798
5290
651
5285
7978
937
9646
5403
3442
5423
8860
5915
5505
5463
1008
5285
4913
4974
5811
3244
4627
1666
1373
18
2577
4111
2101
4223
5951
4056
3620
2196
9856
1874
5843
9181
5568
1810
9827
2052
892
2417
429
5800
2990
9958
2239
4325
6298
6691
1413
8493
7970
5211
1037
3613
1499
5600
7405
9865
5884
1614
7972
153
9014
804
654
9990
3896
8467
629
2333
5569
6668
1172
4531
3735
1838
601
3626
8336
3275
5822
940
3979
9747
3113
8420
5009
7734
9121
319
3312
2973
1464
7448
914
1348
7723
7757
8831
3517
7403
2726
7298
8597
909
400
9246
6099
8019
193
5520
2433
3619
8875
1657
6024
6353
5240
8877
8674
5998
3038
9357
1400
9453
4450
7008
3538
3973
7344
5100
7094
6022
946
2203
805
6651
1451
3802
3681
3166
4239
8337
3639
391
3979
253
6276
540
6102
5311
4167
7319
1619
5546
5167
1822
4503
1356
1886
5813
9397
1061
8261
6880
4437
2170
3976
9813
6559
2953
9514
7464
4109
3149
1948
1387
8234
1729
4571
2927
2978
1494
9609
6386
5356
5841
4081
2051
2140
5341
4225
7977
3693
3583
1522
5710
5309
5745
2235
1958
9247
170
4044
9363
3993
5229
1196
9797
6934
720
9536
9553
2365
6473
173
9781
5180
9989
7555
6570
240
4745
2310
8755
5186
3799
1398
5533
8938
5264
4480
2992
3622
2618
9839
7993
8107
9983
4585
4066
2542
7057
6330
3065
7807
8880
8727
3507
3722
3652
1680
2418
428
6276
2438
5250
6984
266
2161
3328
4412
9280
3217
9232
1987
8447
1352
2464
3503
3080
3184
497
2685
408
1610
1512
6206
7329
1950
192
8934
4318
4757
1832
2185
7778
3181
8130
9224
2559
7375
5366
3600
375
6360
9184
3206
7101
1697
2187
7597
5182
2066
5576
9439
6124
5667
8204
9225
7101
6872
7476
7271
146
3262
7930
5163
4051
7038
4501
6369
3807
3216
2225
8540
276
9583
3934
6871
5232
5387
7223
7943
9444
4424
7365
8739
573
5665
998
1404
3203
1009
9072
7362
2670
191
9250
3254
1541
6026
8414
1957
8756
7506
5988
3156
554
8917
3240
6631
3725
9862
2315
6301
7550
9382
6827
8636
9362
9322
5414
8682
2810
2593
9637
2721
9363
5271
119
2147
139
1053
3537
4641
8488
7052
7916
7486
394
873
7750
2684
1965
9919
2542
9959
2003
1549
2813
8048
9506
6529
2806
4366
9583
8883
4848
5150
8651
6696
9615
2305
9354
4977
9479
8372
5936
876
5892
1761
8632
9901
4199
9473
3280
3509
100
4051
1184
4323
8185
2368
6633
9913
941
5218
3238
6249
8675
203
6612
475
9205
8739
9873
9395
3317
726
9433
9483
2331
541
663
2072
5449
4879
9708
1519
9625
2292
3530
9062
2545
9802
908
3428
1686
6555
339
7321
8973
5173
7474
6084
8333
2322
9680
7187
6182
3227
1389
7208
5199
5365
4487
8113
3160
3434
8631
7948
1917
3079
3821
317
3380
5013
2280
5878
1014
5217
8420
1756
8040
82
2804
8536
3186
2398
8824
3160
8021
3015
4244
8175
9133
3981
7260
7923
3390
4595
2915
91
9441
8022
6259
9935
6080
1567
208
8382
5757
6975
7161
4780
1047
6633
8147
5791
6642
6081
4089
5646
9715
5860
597
7345
3508
8473
4550
3004
8882
6599
1575
5608
9029
5596
716
8841
5556
1027
3764
2764
6587
2686
4192
4339
6697
3840
6664
7448
6496
6591
8373
759
6838
9134
7970
3321
8142
7426
6318
7872
2680
2309
463
5885
5329
2102
6434
9197
5495
2926
2214
5902
8612
9094
9905
5021
3303
4694
3214
1510
9497
8815
2594
1999
4202
7967
9551
7982
5325
8707
399
3482
3846
4269
2027
7927
1117
5838
4598
2330
4180
444
5598
4896
3652
2424
6568
6824
4486
4843
9215
9796
2167
4803
9520
7240
9666
4498
1394
843
525
130
9075
3528
9385
8061
5644
3031
6149
3045
8747
9228
7898
411
8863
8560
6609
5252
605
3404
6472
604
294
8505
8801
385
9034
7457
5241
3359
8911
8885
7774
4436
679
1191
9820
2103
1096
9655
3964
6391
5218
4879
9539
1887
4933
9954
8596
542
5595
3837
3130
5223
4975
1809
9832
6923
3709
9297
6324
3317
2941
4636
1760
3150
8936
121
8742
6921
4662
7822
5633
7436
1689
9676
2454
4753
597
5424
3927
2972
3416
4528
528
6683
2300
6452
49
65
8419
4325
7996
750
2312
7134
4261
8278
8187
1834
4260
7439
965
3109
8248
150
3458
2394
9967
8307
682
509
9686
7241
2780
184
7061
2582
7434
861
5348
4785
2324
2085
3722
6584
981
9744
6749
6192
5605
9288
424
1442
1885
6838
1478
6751
8026
1506
1651
6946
5192
4957
3931
1919
9671
3921
649
9512
3980
3985
3214
3710
5289
8412
2843
1037
3233
4144
2875
7939
7726
9709
1449
2788
1645
1504
9441
1295
3279
531
1104
3656
2662
813
2011
1903
3803
5469
6464
3348
5476
2694
3155
53
8614
9731
5069
612
3933
2903
9547
1477
8497
6545
7685
1139
5750
28
1176
9505
7543
6081
4550
5934
8779
8656
522
148
7715
9146
2197
7170
6070
7222
809
1078
2551
8033
926
5272
4851
5203
8409
908
2433
2986
5146
2927
1910
3075
6883
906
1235
6037
8075
6643
7428
1011
5714
5110
9031
158
6132
5160
6433
1569
6322
9853
3270
3257
6996
1096
9097
3531
2090
1907
4147
6018
6902
9598
1315
4520
2617
3046
7055
2229
3649
6305
7225
9695
9922
1545
931
7387
7963
7720
8477
595
7425
5508
6675
6624
3261
2503
7450
5275
5912
8674
7356
1710
9008
383
9084
3851
6829
197
1421
465
4950
39
9489
6287
6864
3943
5627
6329
2186
3372
6134
8247
1209
66
5000
6770
7059
9350
1242
6707
6708
3296
5576
9940
2381
1902
9873
9783
5371
1061
5716
5609
2126
7918
1372
1970
9237
9933
5525
1468
8827
9675
9471
3984
6574
4869
3333
4233
430
3896
2967
7961
9272
5796
8115
8218
633
8029
3584
2833
6080
4604
6453
8608
3181
3153
5605
4097
6200
5596
8107
6391
7974
8276
8592
9941
9204
3540
4536
7392
3258
9109
6653
303
8134
7736
6362
3963
6868
8024
3508
2178
2989
5498
8400
9517
1124
6484
1921
1744
8381
7972
1400
5713
1780
2702
5751
4591
6274
1607
774
7889
2483
6693
7045
9236
3949
7566
5184
9016
1748
4878
9645
9237
4624
952
9903
279
1671
9952
7064
5831
6649
8374
6210
1069
8593
2214
9842
8440
1595
6194
8143
3596
4399
6014
2339
3239
4838
5624
8718
6472
7613
7306
9624
3621
156
4582
6134
5863
4182
1586
5779
3058
6338
8809
8179
3977
4425
1472
5711
8898
6818
4064
7995
210
2646
6992
615
6690
5146
2646
3607
4171
6982
6624
4925
8470
5565
1176
685
6815
9149
9259
167
9106
5430
2639
9013
8482
9063
544
7011
956
2712
5351
9716
7437
2122
4700
4854
4006
9408
7489
9067
3347
9101
3354
1230
4943
3203
9677
9638
789
6007
9499
3178
7664
2862
4183
5725
5274
2744
3416
7645
2177
5930
9733
6934
3388
8359
1602
4445
9475
4840
3767
1526
9008
2850
476
3450
9126
8780
6970
5274
9059
6470
689
7371
8975
4751
4538
9169
9975
880
5959
2912
2135
9263
2786
6959
4847
7383
9609
4227
6430
3826
7858
3140
4288
9737
8115
5891
2065
5504
6705
571
7084
9100
2553
6556
9297
1620
207
1074
645
6428
774
1297
3872
8598
550
8644
1349
7212
6183
7134
7862
8204
7186
4566
5734
6077
7790
1116
6486
4928
2409
719
5778
7598
6290
711
5735
5487
3352
9118
1994
1505
2581
537
3181
4855
3204
7259
5308
4674
3041
9489
4039
7330
2411
5934
3120
3609
1111
7546
3260
5233
5100
1589
5474
2496
5748
844
4402
3667
1967
1056
8627
1425
5087
1652
8714
4132
6268
4839
2697
3273
6030
4985
5550
1078
8490
158
1809
2386
8641
2079
8808
4284
8202
9362
7284
9619
3456
3817
2768
5531
9271
2905
720
6089
3896
5388
7222
1839
960
8403
4533
8430
9494
7856
9701
9772
5929
580
5209
2785
6118
1363
122
3779
7191
259
2781
1788
2409
207
1994
1825
1946
8463
8718
6630
2409
9263
7671
860
4726
5393
3037
4493
2269
124
834
588
9848
129
8425
1972
4391
5362
812
5402
5516
623
6578
7477
1761
4367
9714
1770
5094
6631
4072
9488
4827
6340
3448
7571
4475
605
6131
2530
278
8532
7641
3298
9322
2019
7105
9430
8179
5529
9129
7760
2783
4242
6777
8591
7965
4706
6732
1250
119
7399
1289
280
8684
4752
6121
2190
8354
8136
6246
8883
6694
7797
2353
3420
8706
6335
9240
5971
3082
9750
5488
8428
2806
4171
7791
2151
4355
9982
4087
3487
1488
8753
3357
3190
7505
8770
5842
20
947
302
2684
8123
2346
9888
979
531
6807
1618
5758
5999
4521
4735
8619
381
2211
2562
2088
7497
1046
2516
6805
897
3181
674
3017
7517
4697
2825
7971
9274
7126
5815
9717
544
7709
551
7586
8047
5412
1716
5198
6571
6077
7812
4426
4511
6967
25
3495
8918
1130
9143
9375
6456
7892
2669
1936
3149
8896
6159
1298
4217
9239
8079
2053
5230
69
9800
4677
777
9355
1600
7962
4989
5305
28
8508
9452
2581
260
8577
198
8392
7574
5525
7102
9712
904
1369
2876
4276
6560
2534
1879
7550
3285
7609
5432
6428
6153
6394
2475
8190
4491
9728
1402
8515
9103
9050
6562
7312
3824
1136
8883
3124
9691
3049
749
6702
144
6879
4836
7482
7685
7561
5075
3020
8708
9742
4612
959
9675
8912
1837
2120
9364
3259
6208
5271
4589
5514
761
2679
1913
964
4485
6608
519
9390
3630
8338
6359
5030
4586
8280
8524
8727
6837
9844
9913
4070
3352
9007
6845
4271
87
5593
8002
8669
6092
4898
4526
3354
9268
9645
2859
8261
6400
6145
7883
4863
2405
9970
4838
4884
4581
6824
5799
8351
2143
2280
3734
4207
7374
1176
6842
5361
8393
5788
6029
2244
7804
8098
3546
3038
8709
9741
4029
6086
8000
9691
6645
3828
5288
894
6248
1897
9722
911
7778
2188
4113
9384
9903
9578
951
6360
2123
95
114
2025
72
4324
3707
6871
8268
6233
9659
1547
3460
3282
1965
8334
3836
1967
2405
9212
6105
168
32
1060
3261
4550
5828
9209
7088
1685
984
3252
5431
4930
3924
6430
5593
8666
9018
7651
4471
5420
1832
6367
6671
5710
5329
3514
17
7529
9313
4513
6487
7525
9685
6725
7016
6503
5450
4686
3829
5376
7264
9692
4067
9356
8851
4688
2787
4267
3618
8410
2198
5125
244
3448
8851
5735
6688
4257
1159
4801
9789
9996
163
3936
7935
5382
4124
8473
5478
8300
7471
3486
9923
5345
2367
2489
5379
3156
3608
1148
8142
8090
9922
3174
8676
6540
4992
7069
1506
6705
9674
5138
1016
1279
5478
7356
3470
2124
6255
1561
4165
6463
2731
7531
1044
5863
6734
2550
8711
6778
2823
5476
9399
8864
3673
6691
9137
8611
7818
3038
7382
6316
797
307
9734
9783
1129
8569
6227
2213
9838
3059
4213
7577
1858
8423
9599
2568
6713
6298
1148
900
1749
8308
5677
7374
3630
2102
4217
3912
8627
1595
5496
8315
3481
7698
2406
8092
7978
5558
2073
9568
3042
2273
724
1810
7974
5504
2953
575
6945
6495
8708
9307
8173
4493
7922
6976
3612
6124
8707
9118
9245
9866
4181
7962
5684
5605
5776
1663
8076
3450
7059
1170
4407
1328
3164
3904
6093
3618
7550
2414
1060
9486
2099
1032
2130
9767
2208
5923
1776
5310
1972
1884
3288
3873
5038
4587
1850
7429
5454
2255
2263
4937
7459
1092
1942
2483
6541
3240
9075
7463
6814
7945
6385
7920
9094
1501
8885
4437
7078
9411
701
5839
4311
9990
558
8687
4803
7547
6204
416
8855
8820
1874
3202
8011
9611
6740
4863
2255
2273
4762
9288
2600
5200
1088
6140
8026
9503
6729
3974
60
5942
5934
4041
7588
8759
6452
277
2143
9254
5746
8102
9615
1936
2318
3144
3765
9655
3117
129
6356
6763
9323
7353
3693
1255
1096
743
6524
9745
2763
212
290
5588
7557
3041
1117
549
6685
3181
3898
401
4147
6657
5583
152
7339
5051
7769
4573
1304
7492
8997
299
2086
8965
5397
513
5519
2152
269
7875
7410
519
7636
8085
4954
8013
7100
8172
834
354
9660
1363
233
4575
6861
971
1729
2843
2438
3384
3080
608
3287
2616
3528
2560
9645
1212
6747
4713
1652
9097
9308
414
904
3908
7571
6203
5302
4486
4781
4915
7391
319
5606
6403
372
5816
1484
2020
1762
6318
5931
5619
1024
8410
4788
3860
3870
3781
4565
4940
9250
9349
4259
4598
801
6218
1247
5442
3043
2189
5222
2995
8992
7804
5071
8132
987
6908
9968
6106
1867
5984
6089
1508
6326
8008
4438
2009
4771
2204
8321
7206
6630
1305
2933
9850
8075
7914
7502
818
6277
9150
6576
9395
9310
6886
3156
1229
5898
8090
8857
3280
5915
2354
5231
8351
1768
7408
8309
4710
8404
163
1816
7600
147
3370
4178
313
8576
6595
6971
290
5620
8146
3707
5359
2353
6102
869
8052
130
7462
7715
9374
9767
749
2737
550
4865
4227
3970
1099
1726
5456
8809
6244
7979
3216
9048
4284
4359
2035
6678
3196
400
7496
2907
4881
2827
7155
2188
1168
4878
9473
9820
888
4800
8524
1289
3865
4538
8204
2633
9833
2676
6793
1385
3364
2632
6946
9138
3081
9753
5526
9325
6298
9374
8929
6928
5479
1511
3256
541
1422
1067
3710
5166
4380
898
2501
3201
8590
5898
8101
8244
6445
8796
1294
5332
2938
7785
4469
6592
5463
5491
4473
5977
5224
9926
2416
5022
187
5118
9335
2721
8841
8006
6228
5865
1078
3226
9585
4259
8998
4334
9858
9611
1353
643
9249
4345
9388
798
382
8330
8435
9222
664
8897
5224
7471
9413
54
8669
7070
1835
1236
1140
3928
5600
5180
7556
7874
9233
9782
9711
9478
9177
8135
6810
143
3371
5508
1147
7911
4105
9933
4658
2047
7437
2616
2676
3479
7066
9533
2198
8259
505
386
1653
61
6183
5891
5400
5818
5058
6478
3516
1508
1030
9741
9527
7729
4010
1383
7400
6926
3030
6361
7925
1987
4057
6364
3350
2231
6559
5447
9996
2655
3581
2624
8996
351
7272
8105
2232
2805
1158
9836
264
1041
5600
5146
5664
6515
9356
8838
6898
3679
4256
2301
772
4710
3503
662
1287
6687
6162
2813
2758
3196
1851
6636
5045
7252
7899
5445
1678
5821
167
8192
4694
7019
5351
6651
5236
2448
1049
2247
9408
1513
1218
308
681
1152
2170
898
8440
6817
4265
8952
6471
8034
2612
8252
9708
244
4074
1928
5188
8002
4970
2976
8749
474
8018
1490
9986
1446
936
8832
4102
7836
6620
9062
2412
9386
5546
6655
1648
3235
8774
9459
3146
5509
3105
2263
4053
278
6108
6384
5619
5524
8929
9580
4986
1734
3842
2421
4740
3078
4602
2536
2684
9368
6002
3345
7200
1112
5658
3224
7537
7366
4724
9086
7587
8518
238
19
6124
5041
8657
7316
6687
9598
7559
1938
9109
286
6491
5874
6474
2235
3588
2046
4120
3579
3233
819
6087
9192
253
3682
9888
675
3734
89
5862
5986
4249
2857
4565
6311
5439
8523
1960
7892
8582
128
8147
2060
8962
7609
455
3173
3416
5523
1234
937
604
1867
503
3288
4145
3258
965
1171
5664
5701
7918
6310
1111
6431
24
2742
3115
4054
621
5217
5456
9972
8137
4013
5644
9742
1986
6993
5509
5261
5899
3033
3750
7281
3709
2302
7831
5153
5391
2828
204
9318
9877
477
4707
6470
6187
9423
1823
9220
1822
9532
4946
965
3148
2684
6159
9609
4963
7873
5336
9640
4080
3454
4352
3694
5455
9597
3998
7331
428
7668
8454
6768
4164
720
7065
5247
7639
9683
2356
8351
757
6632
4515
2802
9491
7391
4204
911
2709
418
6139
9883
6861
8843
2947
3866
1336
1425
3871
6972
4994
2946
853
4317
3212
3082
246
5547
2208
171
6519
3599
7899
4088
1132
1137
7223
4730
9197
7884
3455
6799
2368
6679
4897
1018
2420
6154
1079
9696
3103
6264
7858
9597
1036
3412
5370
6576
5701
6180
1841
6771
3605
4155
7715
7485
4894
3853
1495
9778
9148
1897
3332
9228
6659
877
2726
539
3787
7972
5867
6998
9599
7315
958
7154
8639
5304
6332
4343
3768
2571
8400
1732
1474
6960
3576
1498
3723
7313
3671
4149
3185
5094
8999
21
1068
5501
442
4515
3356
8430
9283
2264
6780
462
1376
3040
6955
4119
7384
9758
1252
5532
8615
3446
3616
4935
593
1969
1813
5964
7174
6513
8727
7204
6426
5958
3274
844
9279
4150
72
8678
6123
1586
2186
1741
7337
5914
6307
9428
5096
9523
7999
1993
3111
7910
6431
589
5635
2208
2730
8935
1988
2554
597
6518
4867
3622
8834
9963
7561
2532
9868
6652
4631
533
3695
3118
2922
6646
8605
5852
5876
9274
1665
4614
356
6165
7817
4387
7862
2753
9929
5782
6061
27
3910
3202
8112
2093
3659
1677
9405
6778
1130
4694
682
3738
4364
3560
8668
8005
4886
8290
3484
6063
1627
8794
3847
3283
7544
1489
3024
9227
6630
2405
481
8029
10
495
7021
4279
3028
176
1451
8244
7359
7204
3453
9134
5
4731
8998
8571
9478
6703
8772
2746
6478
2679
6325
6917
6478
9558
8917
2930
7614
8087
9073
9995
2379
4351
2496
6009
3714
5731
9488
8553
1976
3235
329
1996
6142
2162
3257
4251
3209
3933
6709
4201
7696
4682
8201
5437
283
2670
8932
7917
8855
3924
9946
3629
718
3683
1951
4658
3289
3038
9187
4239
2273
8469
959
7294
3663
4051
6273
3274
120
8280
3530
6810
3520
6998
8844
238
7090
793
1052
1192
2801
2176
7768
7902
280
1205
2370
4976
362
3491
2014
7283
2155
140
1441
3016
2910
7350
7553
318
1703
7049
3786
5098
9485
6863
226
3351
3987
5279
7495
8257
8408
1514
564
364
2982
155
1711
9261
1549
48
288
6667
1572
5141
3045
6519
5911
475
8496
2567
9339
1584
4276
4640
5213
4866
8119
5637
8112
5222
5156
4236
7583
7029
1114
2926
4670
1099
2562
757
5141
5360
3781
1066
6625
5323
5505
2554
4389
6047
1976
5868
5327
9972
9577
2121
449
4388
6395
9722
2550
3017
4581
57
7255
8034
5955
9984
3715
2320
1690
2217
6511
4005
4233
4162
3292
7454
720
4031
524
8775
9446
6236
8857
1652
6799
3682
2755
2391
2850
7778
8643
5922
3165
3298
1431
5611
9343
196
6689
9463
5058
5127
1701
6140
1566
7166
553
3940
9356
3397
4333
7530
4822
1546
3431
6827
761
5230
708
120
7999
9053
4274
3280
2960
5858
1602
251
4117
2968
5075
3323
6935
6233
1106
3187
5205
9146
9876
3852
5902
792
9153
8268
5415
1713
2927
9611
4607
4228
5053
5777
2208
4233
9818
2447
3297
6880
9264
4604
8021
9202
1218
2111
6995
4165
3902
3083
7224
2740
3137
5424
4182
9584
5963
4862
3320
3165
3818
5257
2883
738
1291
3840
6767
9561
2470
4152
6432
743
9911
8042
5657
2639
3465
5013
7222
5235
4104
104
4728
1353
4724
8204
7919
3889
2718
6597
1722
5663
8750
2188
6841
6783
9905
9482
2705
3507
2728
4632
2686
3176
6229
9870
5646
5039
2567
5691
7986
748
2034
9743
1166
6946
6808
8339
2915
4643
2150
1467
1655
6567
3312
6787
5250
7990
9906
1761
8372
928
1369
5197
987
7316
8861
3582
382
8848
6187
6722
3357
9573
6529
2745
1840
5656
7839
7903
1342
7398
8290
4802
2622
3922
1064
5667
1924
1949
1134
4029
9034
5844
775
4200
8605
1549
851
6092
3737
2058
295
1075
3256
655
8238
2858
3650
7979
6549
5709
7604
3525
9387
3125
137
