2
5
5
7
8
11
12
13
13
14
14
16
16
17
20
22
22
24
25
27
28
29
30
30
33
35
35
37
37
39
39
40
40
40
41
41
44
45
46
46
50
52
52
53
53
54
54
55
56
57
57
59
59
60
60
60
61
62
64
64
66
66
67
70
73
73
76
77
77
77
78
78
78
79
80
80
81
82
82
83
86
86
87
87
88
88
88
91
91
91
91
92
92
92
92
92
94
95
97
97
98
99
100
101
102
103
107
108
108
109
110
110
113
113
113
115
117
118
118
119
119
121
122
123
125
125
125
127
127
129
131
132
134
136
141
143
143
149
149
150
153
153
153
154
154
154
155
156
158
159
159
159
159
160
160
163
163
163
164
164
165
169
169
171
171
172
173
175
180
180
182
182
182
182
183
184
184
184
185
185
185
186
186
188
188
189
190
191
192
192
193
193
193
195
195
196
196
196
202
203
205
207
207
208
208
209
209
213
214
215
216
218
219
219
221
223
224
225
225
228
229
229
230
231
233
234
235
236
238
239
240
241
242
243
244
244
244
244
245
246
246
247
251
252
254
254
255
256
257
257
257
260
262
262
265
267
267
268
269
270
270
271
271
273
273
274
274
275
275
276
277
278
279
280
282
282
283
283
284
284
287
289
290
290
291
291
293
294
294
295
296
296
299
300
300
300
302
304
305
306
306
308
309
312
312
313
316
318
319
320
321
322
322
324
324
325
325
325
328
330
330
331
331
331
332
334
336
337
340
340
345
346
348
349
351
351
352
353
353
354
354
355
356
360
361
361
362
362
362
364
364
366
371
372
374
375
376
379
379
381
381
384
384
385
386
386
386
387
392
393
394
395
395
397
400
400
402
402
407
408
408
409
410
410
411
411
412
413
414
416
416
417
418
418
419
421
421
422
425
425
425
425
426
427
432
433
434
434
436
436
437
438
438
438
438
438
439
439
439
439
444
445
445
447
447
448
449
449
449
449
451
451
453
455
455
456
456
456
458
458
460
460
461
461
461
464
465
468
469
469
470
471
471
475
475
476
476
476
477
478
479
479
480
480
481
481
481
481
483
485
486
487
487
489
490
490
490
490
491
492
492
493
493
495
495
497
498
498
503
503
505
505
506
507
507
509
509
509
511
511
512
512
513
517
518
518
520
523
523
523
524
525
528
528
531
531
532
533
533
533
536
537
537
537
539
539
540
541
541
541
541
542
542
543
544
545
547
547
549
550
551
551
552
552
552
552
553
554
555
555
556
559
559
559
559
560
562
563
563
563
563
564
565
566
566
567
568
569
569
569
569
570
571
572
573
574
575
576
577
578
579
580
580
580
581
581
582
582
583
583
584
584
585
585
585
585
589
591
592
593
593
593
596
597
597
597
598
601
602
602
603
606
606
607
607
608
608
608
608
609
610
610
611
615
617
617
623
624
624
625
625
629
630
630
632
633
634
635
636
637
637
638
639
639
640
641
641
642
642
643
645
645
646
647
648
649
650
650
653
654
654
656
657
660
663
664
664
665
665
666
667
668
669
669
669
670
670
672
673
675
675
675
676
676
678
679
680
680
684
686
686
686
687
687
689
691
691
691
692
692
694
695
695
695
697
698
699
700
701
702
702
703
706
707
709
711
711
711
711
712
713
713
713
713
713
713
714
714
714
716
716
716
717
718
718
719
720
721
722
727
727
728
728
730
730
733
734
734
734
735
737
737
738
739
740
741
741
743
743
744
744
745
747
749
749
750
751
751
752
754
754
755
755
755
757
757
759
759
759
760
761
762
762
762
763
763
764
764
765
765
767
768
769
770
771
775
777
778
778
778
778
779
780
780
782
783
783
783
783
784
786
787
790
792
794
794
796
797
797
799
802
804
806
807
807
809
810
810
810
813
814
815
816
816
816
816
816
817
818
819
821
822
822
822
824
825
826
827
828
831
831
831
833
833
834
835
835
840
841
843
843
844
844
847
850
851
851
852
853
853
853
855
858
859
860
861
861
862
863
863
864
864
865
865
865
868
869
871
872
875
877
878
882
883
885
887
887
887
888
889
891
893
894
896
898
899
900
902
903
903
904
905
906
908
908
908
908
911
912
912
912
913
915
918
918
920
921
923
924
925
925
926
928
929
929
931
933
934
934
935
936
936
936
939
939
941
943
944
945
948
949
950
950
950
953
954
954
955
956
957
957
960
960
960
961
962
962
962
963
963
964
964
964
965
965
966
967
971
971
971
972
975
976
978
980
980
982
983
983
983
984
985
986
987
987
991
992
998
1000
1000
