9998
9996
9996
9995
9990
9990
9990
9989
9989
9987
9987
9986
9986
9985
9984
9983
9982
9981
9981
9981
9978
9977
9977
9975
9975
9974
9973
9973
9972
9972
9971
9970
9968
9968
9967
9966
9965
9965
9964
9963
9963
9960
9959
9958
9958
9957
9956
9956
9954
9954
9954
9953
9952
9952
9950
9949
9948
9948
9946
9945
9943
9941
9940
9940
9939
9939
9935
9933
9933
9933
9929
9926
9926
9923
9923
9922
9922
9921
9920
9919
9918
9916
9914
9913
9913
9913
9912
9912
9911
9908
9907
9907
9906
9905
9905
9903
9903
9901
9901
9901
9900
9900
9898
9897
9897
9896
9894
9891
9889
9889
9888
9888
9887
9886
9886
9883
9882
9882
9879
9879
9877
9877
9876
9876
9875
9874
9874
9874
9873
9873
9872
9872
9871
9870
9870
9868
9868
9868
9868
9866
9865
9865
9864
9864
9862
9858
9858
9856
9856
9854
9853
9853
9850
9850
9850
9850
9848
9847
9845
9844
9843
9842
9841
9841
9839
9838
9836
9836
9835
9833
9833
9832
9832
9830
9830
9827
9827
9825
9825
9820
9820
9819
9818
9817
9817
9815
9815
9813
9812
9812
9806
9803
9802
9802
9800
9800
9800
9799
9799
9799
9797
9797
9796
9796
9795
9794
9789
9788
9787
9786
9786
9785
9785
9784
9783
9783
9782
9782
9782
9781
9780
9780
9778
9775
9772
9772
9767
9767
9766
9766
9766
9765
9764
9763
9762
9761
9760
9760
9759
9758
9756
9753
9752
9750
9750
9750
9747
9747
9746
9745
9745
9744
9743
9742
9742
9741
9741
9741
9738
9737
9737
9735
9734
9734
9733
9732
9732
9731
9730
9729
9728
9723
9722
9722
9720
9720
9720
9719
9717
9716
9716
9715
9714
9713
9712
9711
9711
9709
9709
9708
9708
9706
9704
9703
9703
9703
9702
9701
9701
9701
9699
9699
9699
9699
9697
9696
9695
9695
9694
9694
9692
9692
9691
9691
9691
9691
9691
9690
9686
9686
9685
9685
9685
9683
9680
9680
9678
9677
9677
9677
9677
9676
9676
9676
9675
9675
9674
9674
9673
9673
9671
9669
9668
9667
9666
9666
9664
9664
9664
9662
9662
9662
9660
9659
9659
9659
9657
9656
9656
9656
9656
9655
9655
9651
9651
9651
9650
9649
9646
9646
9645
9645
9645
9645
9642
9641
9640
9640
9640
9640
9639
9638
9638
9637
9635
9632
9632
9632
9631
9625
9625
9624
9624
9622
9619
9619
9618
9617
9616
9615
9615
9613
9612
9611
9611
9611
9609
9609
9609
9604
9604
9603
9602
9600
9599
9599
9598
9598
9598
9597
9597
9595
9594
9593
9593
9592
9591
9589
9589
9589
9588
9587
9587
9585
9585
9584
9583
9583
9580
9580
9579
9578
9577
9575
9574
9573
9573
9573
9573
9572
9569
9569
9568
9566
9562
9561
9561
9561
9558
9558
9558
9558
9556
9553
9553
9552
9552
9551
9547
9546
9545
9545
9544
9543
9542
9542
9541
9540
9540
9539
9539
9537
9536
9535
9533
9532
9531
9528
9527
9527
9526
9525
9523
9523
9521
9520
9519
9518
9517
9517
9516
9514
9514
9514
9512
9512
9512
9511
9510
9510
9509
9506
9506
9505
9503
9503
9503
9502
9499
9497
9497
9494
9494
9493
9491
9490
9490
9490
9490
9489
9489
9488
9488
9488
9486
9485
9483
9482
9482
9481
9481
9479
9478
9478
9478
9478
9477
9477
9477
9475
9473
9473
9473
9471
9471
9470
9468
9466
9463
9463
9462
9459
9459
9456
9454
9453
9453
9452
9451
9448
9447
9446
9444
9443
9442
9441
9441
9441
9439
9439
9436
9436
9434
9434
9433
9433
9432
9431
9430
9430
9430
9429
9428
9428
9423
9422
9422
9419
9419
9419
9413
9411
9410
9410
9408
9408
9408
9408
9407
9407
9407
9405
9405
9404
9400
9399
9398
9398
9397
9395
9395
9395
9394
9392
9390
9390
9388
9388
9388
9387
9386
9385
9385
9384
9384
9383
9382
9382
9378
9377
9375
9375
9374
9374
9373
9370
9369
9369
9368
9367
9366
9365
9364
9364
9363
9363
9362
9362
9362
9362
9361
9359
9359
9357
9356
9356
9356
9355
9354
9354
9350
9350
9349
9349
9347
9347
9347
9343
9342
9341
9341
9339
9339
9339
9338
9335
9335
9333
9333
9332
9330
9329
9328
9327
9326
9325
9325
9324
9323
9322
9322
9321
9320
9319
9318
9318
9314
9314
9313
9310
9309
9308
9307
9307
9306
9306
9306
9306
9305
9302
9301
9301
9300
9297
9297
9297
9290
9290
9290
9288
9288
9288
9287
9286
9286
9285
9284
9283
9283
9282
9282
9282
9282
9281
9281
9281
9280
9279
9277
9275
9275
9275
9274
9274
9273
9272
9271
9269
9268
9268
9266
9266
9264
9264
9263
9263
9262
9262
9261
9261
9259
9259
9259
9259
9258
9257
9257
9255
9255
9254
9253
9252
9251
9250
9250
9250
9249
9249
9249
9249
9248
9247
9246
9245
9245
9241
9240
9240
9239
9239
9237
9237
9236
9236
9236
9233
9233
9232
9232
9228
9228
9228
9227
9227
9225
9224
9224
9222
9221
9220
9217
9216
9215
9214
9214
9212
9211
9209
9209
9208
9207
9205
9205
9204
9204
9204
9202
9202
9202
9200
9197
9197
9197
9197
9196
9193
9192
9191
9191
9189
9188
9187
9185
9184
9184
9183
9182
9181
9177
9174
9173
9172
9169
9169
9169
9167
9166
9163
9163
9160
9153
9151
9151
9151
9150
9149
9148
9147
9147
9146
9146
9146
9143
9143
9140
9138
9138
9137
9136
9135
9134
9134
9133
9133
9131
9130
9129
9129
9129
9128
9126
9126
9125
9125
9122
9121
9118
9118
9118
9115
9113
9111
9110
9109
9109
9109
9106
9106
9103
9102
9102
9101
9100
9098
9098
9097
9097
9096
9096
9094
9094
9094
9093
9092
9090
9087
9087
9087
9086
9085
9084
9083
9082
9079
9078
9076
9075
9075
9073
9073
9073
9073
9072
9070
9069
9067
9067
9066
9066
9065
9064
9063
9063
9063
9062
9062
9061
9061
9059
9057
9056
9056
9056
9055
9055
9055
9053
9053
9051
9050
9050
9049
9049
9048
9044
9044
9041
9041
9036
9036
9035
9035
9034
9034
9034
9032
9031
9030
9029
9029
9028
9028
9026
9025
9025
9024
9024
9024
9023
9022
9020
9018
9018
9018
9016
9016
9015
9015
9014
9014
9013
9013
9008
9008
9007
9007
9005
9005
9003
9001
9000
8999
8999
8999
8998
8998
8998
8997
8997
8996
8994
8994
8993
8993
8992
8991
8987
8987
8987
8985
8983
8983
8983
8982
8980
8979
8978
8976
8975
8974
8973
8973
8972
8972
8970
8968
8968
8968
8967
8967
8967
8965
8964
8962
8961
8960
8960
8960
8959
8952
8951
8945
8944
8943
8939
8938
8938
8936
8935
8934
8932
8932
8930
8929
8929
8926
8926
8925
8924
8923
8922
8920
8918
8917
8917
8917
8913
8912
8912
8912
8911
8910
8905
8899
8899
8898
8898
8898
8897
8896
8886
8885
8885
8883
8883
8883
8883
8882
8881
8881
8880
8878
8878
8877
8877
8876
8875
8874
8874
8871
8870
8867
8866
8864
8864
8863
8862
8861
8861
8861
8860
8858
8857
8857
8857
8855
8855
8855
8853
8851
8851
8851
8850
8849
8849
8848
8848
8846
8845
8844
8843
8841
8841
8839
8838
8838
8838
8837
8836
8836
8835
8835
8834
8834
8833
8832
8832
8832
8831
8830
8829
8829
8829
8828
8827
8826
8824
8823
8822
8822
8822
8820
8819
8816
8815
8813
8813
8813
8813
8811
8809
8809
8809
8808
8808
8808
8807
8807
8805
8803
8801
8801
8799
8797
8796
8794
8793
8792
8792
8789
8787
8786
8785
8780
8780
8779
8778
8775
8774
8772
8770
8770
8765
8762
8760
8760
8759
8759
8758
8756
8756
8755
8755
8755
8753
8751
8750
8749
8749
8748
8747
8746
8746
8742
8742
8740
8739
8739
8738
8738
8737
8733
8732
8731
8729
8729
8727
8727
8727
8726
8724
8722
8720
8718
8718
8715
8714
8714
8711
8709
8709
8709
8708
8708
8708
8707
8707
8706
8706
8706
8701
8700
8700
8698
8698
8697
8697
8696
8696
8695
8693
8693
8688
8688
8687
8687
8685
8685
8684
8682
8682
8682
8681
8680
8680
8679
8678
8678
8676
8676
8675
8674
8674
8669
8669
8669
8668
8667
8667
8666
8666
8664
8662
8660
8660
8660
8657
8657
8656
8656
8655
8654
8651
8650
8649
8648
8648
8648
8648
8646
8646
8645
8644
8644
8644
8644
8643
8643
8642
8641
8641
8641
8641
8640
8640
8639
8639
8638
8637
8637
8636
8634
8634
8632
8631
8631
8631
8631
8629
8627
8627
8624
8623
8623
8620
8619
8618
8617
8617
8616
8615
8614
8614
8614
8612
8612
8611
8610
8608
8608
8605
8605
8600
8600
8598
8598
8597
8597
8597
8596
8596
8594
8594
8593
8593
8593
8592
8591
8590
8590
8590
8589
8588
8586
8586
8585
8584
8584
8583
8582
8581
8581
8580
8579
8577
8576
8576
8571
8571
8570
8569
8568
8563
8563
8562
8560
8560
8559
8557
8556
8556
8555
8554
8553
8553
8552
8551
8550
8547
8546
8543
8540
8540
8539
8538
8537
8537
8536
8536
8533
8532
8528
8526
8525
8524
8524
8523
8523
8523
8523
8523
8522
8522
8521
8520
8520
8520
8518
8518
8518
8515
8514
8513
8508
8505
8505
8505
8504
8503
8501
8501
8498
8498
8498
8497
8497
8496
8496
8495
8494
8493
8492
8490
8488
8487
8484
8482
8481
8481
8479
8477
8477
8477
8477
8477
8473
8473
8471
8471
8471
8471
8470
8469
8469
8467
8463
8463
8462
8462
8458
8457
8455
8455
8455
8454
8452
8451
8448
8448
8448
8447
8447
8445
8444
8441
8441
8440
8440
8438
8438
8438
8436
8435
8434
8432
8431
8430
8430
8430
8428
8428
8425
8425
8423
8423
8422
8421
8420
8420
8420
8419
8417
8417
8416
8415
8414
8413
8412
8410
8410
8410
8409
8408
8406
8406
8405
8404
8404
8403
8400
8400
8400
8395
8393
8392
8389
8383
8382
8382
8381
8381
8380
8380
8374
8373
8373
8372
8372
8371
8370
8369
8369
8366
8366
8366
8365
8364
8363
8363
8363
8359
8358
8354
8354
8353
8353
8351
8351
8351
8348
8347
8344
8342
8341
8339
8339
8338
8337
8337
8336
8334
8334
8333
8332
8332
8330
8330
8330
8328
8324
8324
8323
8321
8321
8321
8315
8312
8311
8309
8308
8308
8307
8304
8303
8300
8300
8300
8299
8299
8297
8297
8296
8292
8292
8290
8290
8290
8290
8289
8287
8287
8285
8285
8284
8283
8283
8281
8280
8280
8280
8280
8279
8279
8278
8276
8276
8275
8274
8271
8270
8270
8269
8269
8268
8268
8268
8268
8267
8267
8265
8261
8261
8260
8259
8259
8258
8257
8255
8255
8255
8254
8252
8251
8251
8250
8250
8250
8249
8248
8247
8245
8245
8244
8244
8244
8241
8240
8239
8238
8237
8234
8234
8233
8228
8227
8225
8222
8220
8219
8218
8211
8211
8207
8205
8204
8204
8204
8204
8203
8203
8202
8202
8201
8200
8199
8192
8190
8190
8188
8187
8185
8184
8182
8182
8179
8179
8178
8175
8173
8173
8173
8172
8172
8171
8170
8170
8169
8167
8164
8163
8160
8159
8158
8158
8153
8151
8151
8149
8147
8147
8146
8145
8145
8145
8144
8144
8143
8143
8142
8142
8141
8140
8140
8138
8137
8137
8136
8136
8135
8135
8134
8133
8132
8131
8130
8129
8129
8126
8125
8125
8123
8123
8123
8121
8119
8119
8117
8116
8115
8115
8113
8112
8112
8112
8109
8107
8107
8107
8107
8106
8105
8102
8102
8101
8100
8098
8098
8098
8096
8095
8094
8093
8093
8092
8090
8090
8090
8090
8087
8087
8086
8085
8085
8084
8083
8082
8082
8080
8080
8079
8079
8079
8077
8076
8075
8075
8074
8073
8071
8070
8069
8069
8064
8061
8060
8059
8058
8055
8054
8052
8052
8052
8048
8047
8046
8045
8043
8043
8042
8042
8040
8040
8036
8035
8034
8034
8034
8034
8033
8032
8032
8029
8029
8027
8027
8026
8026
8026
8026
8024
8024
8024
8022
8022
8021
8021
8021
8019
8018
8017
8014
8013
8013
8012
8011
8010
8009
8009
8008
8008
8006
8006
8005
8004
8002
8002
8001
8000
8000
7999
7999
7997
7997
7996
7996
7995
7993
7990
7987
7986
7985
7984
7982
7982
7980
7979
7979
7979
7979
7978
7978
7978
7977
7974
7974
7972
7972
7972
7972
7971
7971
7970
7970
7970
7970
7969
7968
7968
7967
7966
7965
7965
7963
7962
7962
7962
7961
7959
7956
7954
7953
7952
7950
7950
7948
7947
7946
7945
7945
7944
7944
7943
7942
7940
7940
7939
7938
7935
7935
7935
7935
7934
7934
7933
7930
7929
7928
7928
7927
7927
7925
7924
7924
7923
7922
7922
7920
7920
7919
7918
7918
7917
7916
7915
7914
7912
7911
7910
7909
7907
7907
7907
7907
7906
7906
7904
7903
7902
7902
7902
7902
7900
7899
7899
7899
7898
7898
7895
7895
7894
7893
7892
7892
7891
7891
7889
7889
7887
7886
7885
7884
7884
7883
7878
7875
7875
7874
7874
7873
7873
7872
7872
7871
7869
7867
7864
7862
7862
7861
7859
7859
7858
7858
7857
7856
7856
7856
7855
7855
7854
7853
7852
7851
7851
7847
7844
7843
7839
7838
7836
7834
7832
7832
7832
7831
7831
7830
7829
7829
7827
7826
7825
7823
7823
7822
7822
7822
7820
7819
7818
7818
7817
7817
7815
7815
7814
7812
7811
7811
7810
7810
7809
7808
7807
7805
7805
7804
7804
7804
7804
7800
7799
7798
7798
7798
7797
7797
7793
7791
7791
7790
7788
7788
7788
7788
7786
7785
7785
7785
7782
7782
7782
7781
7780
7779
7778
7778
7778
7778
7778
7777
7775
7774
7773
7769
7768
7766
7765
7765
7764
7763
7760
7759
7758
7757
7754
7751
7750
7750
7750
7747
7745
7745
7741
7736
7734
7734
7733
7730
7729
7728
7727
7726
7724
7723
7721
7720
7720
7719
7717
7715
7715
7715
7715
7712
7711
7710
7709
7708
7707
7707
7706
7701
7698
7698
7696
7693
7691
7691
7686
7685
7685
7684
7683
7682
7680
7680
7679
7679
7676
7676
7674
7671
7670
7668
7668
7668
7664
7663
7662
7662
7661
7661
7661
7659
7658
7656
7656
7653
7652
7651
7649
7648
7648
7647
7647
7647
7646
7645
7644
7642
7641
7641
7640
7639
7639
7636
7636
7635
7632
7632
7632
7631
7631
7631
7629
7628
7626
7624
7620
7620
7619
7618
7617
7617
7617
7614
7614
7613
7613
7611
7609
7609
7608
7607
7604
7604
7601
7600
7598
7598
7598
7597
7596
7594
7593
7589
7589
7588
7588
7587
7587
7587
7586
7583
7583
7582
7582
7582
7581
7580
7578
7578
7577
7577
7576
7576
7574
7573
7573
7572
7572
7571
7571
7571
7569
7566
7564
7562
7562
7562
7561
7561
7561
7559
7557
7557
7557
7557
7556
7556
7555
7555
7555
7553
7551
7550
7550
7550
7549
7548
7547
7547
7546
7545
7545
7544
7543
7539
7538
7537
7533
7531
7531
7530
7529
7528
7527
7526
7525
7525
7523
7522
7522
7522
7521
7520
7519
7518
7517
7515
7515
7514
7510
7510
7510
7507
7506
7506
7505
7505
7505
7504
7504
7504
7503
7502
7501
7498
7498
7497
7496
7496
7495
7495
7492
7492
7492
7492
7490
7489
7489
7487
7486
7486
7485
7483
7482
7481
7481
7478
7477
7476
7475
7475
7474
7471
7471
7468
7466
7466
7464
7464
7464
7463
7463
7462
7460
7460
7459
7458
7457
7457
7457
7455
7454
7454
7454
7453
7450
7448
7448
7445
7442
7442
7441
7440
7440
7440
7440
7439
7439
7439
7438
7437
7437
7437
7437
7436
7436
7435
7434
7431
7430
7429
7429
7429
7428
7428
7426
7425
7424
7423
7422
7421
7420
7418
7417
7417
7414
7413
7410
7410
7409
7408
7406
7405
7405
7405
7403
7403
7402
7401
7401
7401
7400
7400
7399
7399
7398
7395
7392
7391
7391
7391
7387
7385
7384
7383
7383
7383
7382
7380
7380
7378
7377
7375
7374
7374
7373
7373
7372
7372
7371
7370
7368
7366
7366
7366
7365
7365
7362
7362
7359
7357
7357
7357
7356
7356
7354
7353
7353
7353
7351
7351
7350
7350
7349
7348
7347
7345
7344
7341
7341
7339
7337
7337
7334
7331
7331
7331
7331
7330
7330
7329
7326
7324
7322
7321
7319
7318
7316
7316
7316
7315
7315
7315
7313
7312
7309
7308
7306
7306
7306
7304
7303
7303
7302
7301
7300
7298
7297
7296
7294
7294
7292
7291
7288
7288
7287
7287
7286
7286
7285
7284
7284
7283
7282
7281
7281
7279
7278
7275
7274
7273
7272
7271
7270
7266
7265
7265
7265
7264
7264
7263
7260
7259
7258
7256
7256
7256
7255
7255
7253
7252
7248
7248
7247
7246
7243
7243
7243
7242
7241
7241
7240
7240
7235
7234
7233
7232
7231
7229
7229
7228
7227
7225
7224
7224
7223
7223
7223
7222
7222
7222
7219
7218
7217
7216
7216
7216
7212
7211
7210
7209
7208
7207
7207
7207
7206
7204
7204
7203
7200
7200
7197
7195
7194
7193
7192
7191
7189
7189
7189
7187
7187
7186
7186
7186
7186
7184
7184
7180
7175
7175
7174
7172
7171
7170
7169
7168
7167
7167
7166
7166
7162
7161
7160
7159
7159
7159
7158
7155
7154
7153
7150
7150
7150
7149
7149
7149
7148
7148
7148
7146
7145
7144
7143
7143
7142
7139
7135
7134
7134
7134
7130
7129
7128
7128
7127
7126
7125
7120
7118
7117
7113
7112
7110
7109
7107
7105
7105
7104
7104
7103
7102
7102
7102
7101
7101
7100
7097
7097
7095
7094
7094
7094
7093
7092
7092
7091
7091
7090
7090
7088
7087
7085
7085
7084
7081
7081
7078
7076
7075
7074
7074
7073
7072
7071
7070
7069
7066
7066
7065
7065
7064
7064
7061
7061
7059
7059
7058
7057
7056
7055
7053
7053
7052
7052
7052
7050
7049
7049
7049
7048
7047
7047
7047
7046
7045
7045
7044
7041
7040
7039
7038
7037
7035
7035
7035
7032
7030
7029
7025
7021
7020
7019
7019
7019
7019
7019
7018
7016
7011
7011
7009
7009
7008
7006
7006
7005
7004
7004
7003
7002
6999
6999
6998
6998
6997
6996
6995
6993
6992
6992
6992
6992
6991
6991
6990
6989
6988
6984
6983
6982
6979
6977
6976
6975
6974
6972
6972
6971
6971
6970
6969
6967
6967
6964
6964
6963
6963
6962
6960
6960
6959
6957
6956
6956
6955
6955
6955
6955
6953
6947
6946
6946
6946
6945
6945
6944
6942
6938
6938
6935
6935
6935
6935
6934
6934
6933
6933
6932
6931
6931
6930
6930
6929
6929
6929
6928
6928
6926
6924
6923
6921
6921
6920
6918
6918
6917
6912
6911
6910
6910
6910
6909
6908
6906
6905
6904
6902
6901
6899
6899
6898
6898
6897
6890
6888
6887
6887
6886
6884
6883
6882
6880
6880
6880
6879
6879
6878
6878
6876
6876
6874
6873
6872
6872
6871
6871
6870
6870
6869
6868
6867
6866
6864
6864
6863
6861
6861
6861
6861
6859
6856
6855
6855
6854
6853
6850
6850
6850
6849
6845
6844
6844
6844
6842
6842
6841
6841
6840
6840
6839
6838
6838
6838
6837
6837
6836
6833
6832
6829
6829
6829
6829
6829
6828
6828
6827
6827
6826
6824
6824
6824
6823
6819
6819
6818
6817
6817
6815
6814
6813
6811
6811
6810
6810
6810
6809
6809
6808
6808
6807
6807
6806
6805
6805
6805
6805
6803
6801
6800
6799
6799
6799
6798
6796
6795
6793
6793
6793
6792
6791
6789
6789
6788
6788
6787
6785
6783
6782
6780
6779
6778
6778
6778
6777
6776
6774
6773
6771
6771
6770
6768
6768
6767
6767
6765
6765
6763
6762
6757
6757
6756
6756
6753
6753
6751
6750
6749
6747
6746
6746
6744
6744
6744
6742
6741
6740
6740
6738
6738
6734
6734
6734
6732
6732
6730
6729
6725
6722
6722
6722
6721
6720
6718
6718
6716
6715
6713
6713
6713
6711
6709
6709
6708
6708
6707
6705
6705
6704
6703
6703
6702
6700
6697
6697
6696
6696
6696
6694
6693
6693
6691
6691
6690
6689
6689
6689
6688
6688
6688
6687
6687
6685
6684
6683
6681
6679
6678
6677
6677
6676
6675
6675
6671
6669
6668
6668
6668
6667
6666
6665
6664
6663
6660
6659
6659
6659
6658
6657
6656
6655
6653
6653
6652
6651
6651
6651
6651
6650
6650
6649
6647
6646
6646
6645
6643
6642
6642
6640
6636
6636
6633
6633
6633
6632
6631
6631
6630
6630
6630
6630
6629
6626
6626
6626
6625
6625
6624
6624
6622
6620
6620
6619
6619
6619
6617
6617
6613
6612
6612
6609
6608
6606
6606
6599
6599
6597
6597
6597
6595
6594
6593
6592
6591
6591
6589
6588
6588
6587
6584
6579
6578
6577
6577
6576
6576
6576
6575
6574
6572
6571
6570
6570
6569
6569
6568
6568
6567
6565
6565
6563
6562
6562
6560
6559
6559
6559
6559
6557
6556
6556
6555
6555
6554
6552
6552
6551
6549
6548
6545
6544
6542
6542
6541
6541
6541
6540
6539
6537
6537
6533
6530
6529
6529
6529
6529
6529
6528
6528
6527
6527
6525
6525
6524
6521
6521
6520
6520
6519
6519
6518
6518
6515
6515
6515
6514
6514
6513
6512
6512
6511
6511
6511
6511
6510
6508
6507
6507
6506
6503
6501
6501
6500
6499
6496
6496
6495
6494
6493
6493
6491
6491
6487
6486
6486
6486
6484
6484
6478
6478
6478
6475
6475
6474
6473
6473
6472
6472
6472
6471
6471
6470
6470
6470
6469
6469
6468
6468
6465
6465
6464
6464
6463
6463
6460
6460
6458
6456
6453
6453
6452
6452
6451
6450
6450
6446
6445
6445
6442
6440
6440
6439
6438
6438
6437
6435
6434
6434
6433
6433
6432
6431
6431
6431
6430
6430
6429
6428
6428
6428
6427
6426
6425
6424
6423
6422
6422
6420
6417
6416
6415
6414
6414
6413
6412
6411
6410
6410
6409
6405
6405
6403
6403
6403
6403
6402
6401
6400
6400
6399
6398
6397
6397
6397
6396
6395
6395
6394
6394
6393
6393
6391
6391
6390
6389
6387
6386
6385
6385
6385
6384
6383
6378
6371
6369
6369
6369
6367
6367
6366
6365
6364
6364
6362
6361
6361
6360
6360
6360
6359
6358
6356
6356
6356
6355
6353
6351
6351
6351
6350
6350
6349
6348
6347
6346
6346
6340
6338
6338
6335
6335
6334
6334
6334
6333
6332
6331
6330
6329
6327
6326
6325
6324
6324
6324
6323
6322
6322
6319
6319
6319
6318
6318
6317
6316
6315
6312
6311
6311
6310
6310
6308
6307
6306
6306
6305
6305
6304
6301
6301
6298
6298
6298
6297
6294
6294
6292
6292
6290
6290
6287
6286
6284
6282
6281
6280
6278
6277
6276
6276
6276
6276
6275
6275
6274
6273
6273
6272
6271
6270
6268
6268
6268
6268
6265
6264
6264
6264
6261
6261
6259
6257
6255
6255
6254
6249
6249
6249
6249
6248
6247
6246
6244
6244
6242
6240
6239
6237
6236
6235
6234
6233
6233
6233
6232
6229
6228
6228
6228
6227
6225
6223
6221
6219
6219
6218
6218
6216
6216
6213
6212
6212
6212
6211
6211
6211
6210
6210
6209
6209
6208
6208
6206
6206
6206
6204
6204
6203
6201
6201
6201
6200
6200
6197
6197
6196
6196
6194
6192
6192
6192
6189
6188
6188
6187
6187
6187
6185
6185
6184
6183
6183
6183
6182
6182
6180
6180
6179
6179
6173
6173
6172
6171
6169
6168
6167
6165
6164
6163
6162
6159
6159
6159
6159
6155
6154
6153
6152
6151
6149
6149
6148
6148
6148
6146
6145
6143
6142
6140
6140
6140
6139
6139
6139
6137
6136
6134
6134
6132
6132
6131
6129
6128
6124
6124
6124
6124
6124
6123
6123
6122
6121
6121
6121
6121
6119
6118
6117
6116
6115
6114
6114
6112
6111
6108
6108
6107
6106
6105
6103
6102
6102
6102
6102
6099
6098
6096
6095
6094
6093
6092
6092
6092
6090
6089
6089
6089
6089
6087
6087
6086
6086
6085
6085
6084
6084
6081
6081
6081
6080
6080
6078
6077
6077
6077
6076
6073
6073
6072
6072
6071
6070
6069
6069
6068
6067
6065
6065
6063
6061
6055
6053
6052
6052
6050
6050
6049
6047
6046
6044
6044
6043
6040
6037
6037
6037
6036
6036
6034
6034
6033
6032
6031
6030
6030
6029
6028
6028
6026
6026
6024
6024
6023
6023
6022
6020
6018
6017
6017
6015
6014
6014
6014
6013
6013
6013
6012
6009
6009
6007
6007
6002
5999
5999
5998
5998
5998
5995
5993
5991
5990
5989
5988
5986
5986
5984
5983
5982
5982
5978
5977
5977
5976
5976
5973
5972
5971
5969
5969
5969
5968
5968
5964
5963
5963
5963
5962
5960
5960
5959
5958
5958
5958
5958
5955
5954
5953
5951
5951
5950
5948
5947
5944
5943
5942
5942
5941
5941
5940
5940
5939
5937
5937
5936
5934
5934
5934
5934
5933
5932
5932
5931
5930
5930
5929
5926
5923
5922
5922
5922
5921
5920
5920
5917
5917
5916
5916
5916
5915
5915
5914
5914
5913
5913
5912
5912
5911
5911
5910
5908
5906
5905
5904
5904
5903
5902
5902
5902
5901
5900
5899
5898
5898
5895
5894
5893
5892
5891
5891
5891
5890
5890
5888
5887
5885
5884
5884
5882
5880
5879
5878
5877
5876
5874
5870
5869
5868
5868
5867
5865
5865
5864
5863
5863
5863
5862
5862
5861
5860
5860
5859
5858
5855
5855
5853
5852
5852
5850
5848
5848
5847
5847
5846
5844
5843
5842
5841
5841
5840
5839
5839
5838
5834
5833
5832
5831
5831
5828
5827
5825
5824
5822
5821
5819
5818
5818
5818
5816
5815
5815
5815
5814
5813
5813
5812
5811
5811
5810
5810
5804
5804
5800
5800
5800
5799
5799
5799
5799
5797
5797
5796
5795
5794
5793
5793
5793
5793
5792
5791
5791
5791
5789
5789
5788
5787
5786
5782
5782
5779
5778
5777
5777
5776
5776
5775
5775
5774
5770
5769
5769
5768
5768
5768
5767
5766
5765
5765
5764
5764
5762
5761
5758
5758
5757
5757
5756
5755
5755
5754
5754
5753
5752
5752
5751
5751
5750
5749
5748
5748
5746
5746
5745
5745
5741
5740
5738
5738
5738
5738
5735
5735
5735
5734
5734
5733
5732
5731
5731
5731
5730
5730
5727
5727
5725
5725
5724
5722
5720
5718
5716
5715
5714
5714
5713
5713
5711
5711
5711
5710
5710
5710
5709
5707
5706
5705
5705
5702
5702
5701
5701
5701
5700
5700
5699
5699
5698
5695
5695
5694
5693
5692
5691
5691
5687
5687
5685
5684
5679
5679
5679
5677
5677
5670
5670
5669
5668
5667
5667
5667
5665
5665
5664
5664
5663
5662
5662
5660
5658
5657
5657
5657
5656
5654
5654
5653
5650
5649
5649
5648
5648
5648
5647
5647
5646
5646
5644
5644
5644
5644
5644
5643
5643
5642
5641
5639
5639
5637
5635
5635
5633
5630
5627
5627
5627
5624
5624
5620
5620
5619
5619
5619
5617
5615
5614
5612
5611
5610
5609
5609
5608
5608
5607
5607
5606
5606
5605
5605
5605
5605
5604
5601
5600
5600
5600
5598
5598
5596
5596
5596
5595
5595
5593
5593
5592
5590
5590
5589
5588
5585
5584
5584
5583
5583
5581
5581
5581
5580
5579
5578
5578
5578
5577
5576
5576
5570
5569
5569
5568
5568
5566
5565
5565
5562
5562
5561
5558
5558
5557
5556
5554
5553
5553
5551
5550
5549
5549
5547
5547
5546
5546
5546
5546
5543
5539
5539
5538
5536
5535
5535
5535
5534
5533
5532
5531
5530
5529
5528
5528
5527
5526
5525
5525
5525
5524
5524
5523
5523
5522
5520
5519
5516
5515
5514
5513
5513
5513
5513
5509
5509
5508
5508
5508
5508
5505
5505
5504
5504
5503
5503
5502
5501
5500
5498
5498
5498
5497
5497
5496
5496
5495
5494
5494
5493
5493
5491
5491
5488
5488
5488
5487
5486
5485
5484
5484
5483
5482
5481
5479
5478
5478
5476
5476
5475
5475
5474
5474
5472
5469
5469
5468
5468
5468
5466
5465
5463
5463
5460
5460
5459
5458
5456
5456
5455
5454
5453
5453
5453
5452
5451
5451
5450
5449
5449
5447
5445
5445
5444
5443
5442
5439
5439
5438
5437
5435
5435
5432
5431
5431
5431
5430
5430
5430
5430
5424
5424
5423
5420
5420
5420
5419
5418
5416
5415
5415
5414
5414
5413
5412
5405
5403
5402
5401
5400
5397
5396
5393
5391
5388
5388
5388
5387
5387
5386
5384
5384
5384
5382
5381
5381
5379
5379
5378
5377
5376
5371
5370
5370
5368
5367
5366
5366
5365
5365
5365
5364
5362
5361
5361
5361
5361
5360
5360
5359
5358
5358
5357
5356
5356
5354
5353
5353
5352
5351
5351
5351
5351
5350
5349
5349
5348
5348
5347
5347
5347
5346
5345
5344
5344
5342
5342
5341
5341
5338
5337
5337
5336
5336
5336
5332
5329
5329
5327
5327
5327
5325
5324
5323
5321
5318
5317
5317
5315
5314
5312
5312
5311
5311
5311
5310
5310
5309
5309
5308
5307
5305
5305
5305
5304
5304
5303
5302
5302
5302
5300
5299
5295
5295
5294
5291
5290
5290
5289
5288
5288
5288
5285
5285
5283
5282
5281
5281
5280
5279
5278
5277
5277
5275
5274
5274
5274
5272
5272
5272
5271
5271
5271
5271
5270
5270
5269
5268
5267
5264
5264
5263
5261
5261
5260
5258
5258
5257
5257
5256
5255
5252
5251
5251
5251
5251
5250
5250
5249
5249
5247
5243
5243
5241
5241
5241
5240
5240
5239
5239
5238
5237
5237
5236
5235
5233
5233
5233
5232
5232
5231
5231
5231
5230
5230
5229
5229
5228
5225
5224
5224
5223
5222
5222
5222
5221
5221
5219
5218
5218
5217
5217
5216
5215
5215
5214
5214
5213
5213
5213
5212
5211
5210
5210
5209
5207
5207
5206
5205
5205
5203
5201
5200
5199
5198
5197
5197
5195
5193
5192
5188
5188
5186
5186
5186
5185
5184
5183
5183
5182
5181
5180
5180
5180
5180
5180
5179
5178
5178
5176
5174
5173
5173
5172
5171
5168
5168
5167
5166
5165
5164
5163
5162
5160
5160
5160
5156
5156
5154
5153
5151
5150
5150
5148
5146
5146
5146
5146
5146
5144
5141
5141
5140
5138
5138
5136
5134
5132
5132
5130
5127
5126
5125
5125
5123
5120
5118
5117
5115
5114
5113
5113
5112
5110
5110
5110
5110
5108
5107
5106
5104
5100
5100
5098
5098
5097
5096
5094
5094
5093
5091
5088
5087
5087
5087
5087
5086
5085
5084
5078
5076
5075
5075
5075
5075
5073
5073
5071
5069
5068
5068
5066
5065
5064
5064
5063
5062
5061
5061
5060
5059
5058
5058
5057
5057
5056
5054
5053
5051
5050
5048
5048
5048
5046
5046
5045
5045
5044
5043
5043
5041
5041
5039
5039
5039
5038
5036
5034
5034
5032
5031
5031
5030
5030
5028
5028
5025
5024
5022
5021
5020
5019
5018
5017
5017
5016
5014
5013
5013
5012
5012
5011
5009
5009
5005
5005
5005
5004
5001
5000
4998
4998
4997
4997
4996
4994
4994
4992
4992
4990
4989
4989
4988
4987
4987
4986
4986
4985
4982
4980
4977
4976
4975
4975
4974
4974
4974
4973
4972
4971
4970
4970
4970
4966
4963
4962
4961
4961
4957
4957
4956
4954
4950
4948
4948
4946
4945
4943
4940
4938
4937
4935
4934
4933
4933
4931
4930
4930
4929
4929
4928
4928
4926
4925
4925
4924
4924
4923
4920
4916
4915
4913
4912
4912
4912
4911
4910
4908
4908
4907
4906
4903
4902
4898
4898
4897
4896
4896
4895
4894
4893
4892
4890
4886
4886
4884
4882
4882
4882
4881
4881
4880
4879
4879
4879
4878
4878
4878
4877
4877
4874
4873
4869
4869
4867
4866
4866
4865
4864
4863
4863
4862
4861
4860
4860
4859
4857
4855
4854
4852
4851
4851
4849
4849
4848
4848
4847
4847
4846
4845
4844
4843
4843
4840
4839
4838
4838
4836
4835
4831
4831
4829
4828
4827
4826
4826
4825
4822
4821
4820
4814
4814
4812
4807
4806
4803
4803
4803
4802
4802
4801
4801
4800
4798
4797
4797
4796
4795
4794
4794
4793
4792
4792
4790
4788
4787
4785
4785
4785
4784
4784
4782
4782
4782
4781
4781
4780
4778
4778
4776
4771
4771
4771
4768
4762
4762
4762
4761
4761
4759
4758
4757
4754
4753
4752
4751
4748
4747
4747
4746
4746
4745
4741
4740
4739
4739
4738
4735
4733
4731
4731
4730
4730
4730
4728
4727
4726
4726
4724
4724
4723
4715
4714
4713
4710
4710
4709
4708
4707
4707
4706
4706
4704
4702
4701
4701
4700
4700
4700
4699
4698
4697
4695
4694
4694
4694
4693
4693
4693
4689
4688
4688
4688
4686
4686
4686
4685
4682
4682
4682
4680
4680
4679
4677
4676
4676
4674
4671
4670
4670
4668
4667
4666
4666
4665
4665
4664
4663
4662
4661
4660
4658
4658
4658
4657
4655
4655
4654
4653
4649
4648
4647
4647
4644
4643
4642
4641
4641
4640
4640
4640
4639
4638
4636
4636
4636
4636
4635
4635
4632
4631
4630
4630
4627
4627
4625
4625
4625
4624
4624
4622
4619
4619
4614
4613
4612
4607
4607
4604
4604
4604
4602
4602
4601
4600
4598
4598
4596
4596
4595
4594
4591
4590
4589
4589
4589
4587
4587
4587
4586
4586
4585
4585
4584
4584
4583
4582
4581
4581
4581
4580
4580
4578
4577
4577
4577
4575
4573
4571
4571
4571
4571
4570
4566
4565
4565
4564
4563
4560
4558
4556
4556
4556
4553
4551
4550
4550
4550
4550
4548
4548
4547
4545
4545
4542
4542
4540
4540
4540
4539
4539
4538
4538
4536
4533
4532
4531
4531
4531
4530
4530
4530
4530
4528
4526
4526
4525
4525
4522
4521
4521
4520
4519
4516
4515
4515
4514
4513
4512
4511
4511
4511
4511
4510
4509
4509
4509
4507
4506
4505
4503
4503
4501
4501
4501
4498
4494
4493
4493
4493
4491
4487
4487
4486
4486
4485
4484
4482
4482
4480
4479
4477
4477
4475
4475
4473
4471
4470
4470
4470
4469
4469
4468
4468
4466
4465
4462
4462
4462
4460
4459
4458
4457
4452
4450
4449
4449
4449
4445
4445
4443
4442
4441
4440
4440
4438
4437
4437
4436
4436
4435
4434
4434
4434
4434
4431
4426
4426
4425
4424
4423
4422
4421
4420
4420
4420
4420
4420
4417
4414
4412
4411
4410
4408
4407
4406
4405
4405
4402
4401
4399
4395
4395
4395
4394
4394
4394
4394
4394
4393
4393
4393
4392
4392
4391
4391
4389
4388
4388
4388
4387
4387
4386
4386
4382
4382
4380
4379
4377
4376
4375
4372
4372
4370
4369
4367
4367
4366
4366
4365
4364
4364
4364
4363
4359
4358
4357
4356
4355
4354
4352
4351
4350
4348
4346
4346
4346
4345
4343
4343
4340
4339
4338
4338
4337
4337
4336
4335
4334
4333
4333
4330
4330
4329
4329
4328
4327
4327
4326
4325
4325
4324
4324
4324
4323
4320
4319
4319
4318
4318
4317
4316
4316
4314
4314
4313
4311
4311
4306
4304
4297
4296
4295
4294
4292
4291
4290
4288
4285
4284
4284
4283
4282
4279
4279
4279
4277
4276
4276
4276
4275
4274
4274
4272
4271
4271
4271
4271
4269
4269
4268
4267
4267
4266
4265
4265
4263
4261
4261
4260
4259
4259
4259
4257
4257
4257
4257
4256
4254
4253
4251
4251
4250
4250
4249
4244
4243
4242
4240
4239
4239
4236
4235
4233
4233
4233
4233
4233
4230
4230
4230
4228
4227
4227
4226
4226
4225
4225
4223
4219
4217
4217
4213
4213
4211
4210
4209
4208
4208
4207
4207
4205
4205
4204
4203
4202
4201
4200
4199
4199
4198
4197
4197
4197
4193
4192
4192
4190
4189
4186
4183
4183
4182
4182
4181
4180
4179
4178
4174
4172
4171
4171
4171
4170
4170
4168
4167
4167
4167
4167
4167
4165
4165
4165
4164
4164
4164
4164
4163
4162
4162
4162
4162
4160
4159
4157
4155
4154
4154
4154
4153
4153
4153
4152
4152
4152
4150
4149
4149
4149
4149
4148
4147
4147
4145
4144
4144
4144
4144
4140
4138
4138
4134
4132
4132
4131
4131
4131
4128
4127
4124
4121
4120
4119
4119
4118
4117
4117
4115
4114
4114
4113
4113
4113
4112
4111
4109
4108
4106
4105
4105
4104
4104
4103
4102
4097
4095
4092
4089
4088
4088
4087
4081
4080
4077
4076
4076
4075
4075
4075
4074
4074
4072
4072
4070
4069
4068
4067
4066
4066
4066
4064
4063
4061
4059
4057
4057
4056
4056
4056
4056
4054
4054
4053
4052
4051
4051
4051
4050
4047
4046
4045
4044
4044
4041
4041
4039
4039
4037
4033
4033
4031
4030
4029
4029
4029
4026
4026
4025
4019
4019
4018
4018
4017
4016
4013
4013
4010
4008
4008
4006
4006
4006
4005
4003
4002
4001
4000
3999
3999
3998
3998
3998
3995
3995
3995
3994
3994
3994
3993
3988
3987
3985
3985
3984
3981
3980
3979
3979
3979
3979
3977
3977
3976
3976
3975
3974
3974
3973
3972
3971
3971
3970
3970
3970
3969
3968
3968
3965
3964
3964
3963
3961
3959
3959
3958
3957
3954
3953
3952
3952
3952
3951
3949
3949
3943
3941
3940
3936
3934
3933
3933
3932
3932
3931
3931
3929
3928
3928
3927
3927
3926
3925
3925
3924
3924
3924
3924
3922
3922
3921
3920
3917
3916
3916
3913
3912
3912
3910
3910
3908
3908
3907
3906
3904
3903
3902
3901
3899
3898
3898
3896
3896
3896
3894
3893
3889
3886
3885
3885
3884
3883
3882
3880
3880
3879
3876
3875
3875
3875
3874
3873
3872
3871
3871
3871
3871
3870
3869
3869
3868
3867
3867
3867
3866
3865
3865
3862
3862
3862
3860
3857
3856
3854
3853
3853
3852
3851
3851
3851
3850
3850
3848
3847
3846
3845
3844
3843
3843
3843
3842
3840
3840
3838
3837
3837
3837
3836
3836
3834
3833
3832
3832
3830
3829
3829
3828
3826
3826
3826
3824
3823
3821
3819
3818
3818
3817
3817
3814
3812
3811
3810
3807
3807
3804
3803
3802
3802
3801
3800
3799
3797
3796
3796
3796
3794
3792
3788
3787
3786
3786
3786
3785
3785
3784
3783
3783
3783
3783
3782
3781
3781
3779
3779
3778
3777
3777
3776
3775
3775
3771
3771
3770
3770
3768
3767
3767
3765
3765
3765
3764
3762
3762
3761
3760
3760
3759
3759
3757
3755
3753
3750
3744
3743
3740
3739
3738
3738
3737
3737
3737
3735
3735
3735
3734
3734
3734
3730
3728
3726
3725
3725
3723
3723
3722
3722
3722
3720
3718
3716
3715
3715
3714
3713
3712
3710
3710
3709
3709
3707
3707
3706
3706
3705
3704
3704
3704
3704
3703
3702
3701
3701
3700
3698
3695
3695
3695
3695
3694
3694
3693
3693
3692
3692
3692
3688
3683
3683
3682
3682
3681
3681
3681
3679
3678
3676
3674
3673
3673
3673
3671
3670
3669
3668
3667
3666
3664
3664
3663
3660
3659
3659
3659
3659
3658
3658
3656
3656
3655
3652
3652
3652
3652
3651
3650
3650
3649
3649
3649
3649
3649
3649
3643
3642
3639
3639
3633
3632
3630
3630
3629
3629
3627
3626
3624
3622
3622
3622
3621
3620
3619
3619
3618
3618
3617
3617
3616
3616
3613
3613
3612
3612
3612
3611
3609
3608
3607
3605
3601
3600
3600
3599
3596
3594
3594
3593
3593
3592
3590
3588
3585
3584
3584
3583
3583
3582
3582
3582
3581
3580
3580
3579
3578
3576
3576
3574
3573
3573
3572
3570
3569
3568
3568
3567
3565
3563
3562
3560
3558
3555
3554
3554
3553
3551
3551
3551
3549
3548
3546
3546
3546
3544
3543
3541
3540
3539
3538
3538
3537
3536
3531
3530
3530
3528
3528
3526
3525
3523
3523
3520
3520
3519
3517
3517
3517
3516
3515
3514
3514
3512
3511
3510
3509
3508
3508
3508
3507
3507
3506
3505
3504
3503
3503
3503
3502
3500
3499
3497
3497
3495
3495
3495
3494
3492
3491
3490
3490
3488
3487
3486
3486
3485
3484
3483
3482
3481
3481
3480
3479
3475
3473
3470
3467
3466
3465
3464
3463
3461
3460
3459
3459
3458
3457
3456
3456
3455
3454
3453
3453
3452
3451
3451
3450
3450
3450
3449
3448
3448
3447
3446
3445
3443
3442
3442
3442
3442
3436
3435
3435
3434
3433
3433
3431
3431
3428
3428
3426
3424
3422
3420
3419
3417
3416
3416
3416
3415
3415
3414
3414
3414
3413
3412
3412
3412
3404
3403
3401
3400
3399
3398
3397
3397
3395
3394
3394
3391
3391
3391
3390
3390
3388
3387
3385
3385
3384
3382
3381
3380
3379
3377
3375
3373
3372
3371
3371
3370
3368
3367
3365
3364
3362
3361
3359
3358
3357
3357
3357
3356
3356
3356
3354
3354
3353
3352
3352
3352
3352
3351
3350
3350
3348
3347
3347
3345
3345
3344
3344
3343
3342
3342
3342
3341
3340
3339
3337
3333
3332
3332
3332
3332
3332
3331
3330
3328
3326
3326
3326
3323
3321
3320
3320
3319
3317
3317
3316
3313
3312
3312
3311
3310
3308
3307
3306
3306
3306
3305
3305
3305
3303
3303
3302
3301
3301
3301
3299
3298
3298
3298
3298
3297
3296
3293
3292
3292
3292
3290
3289
3288
3288
3287
3287
3287
3286
3286
3286
3285
3284
3284
3284
3283
3282
3282
3281
3280
3280
3280
3279
3278
3276
3275
3275
3274
3274
3273
3273
3272
3272
3270
3269
3267
3265
3265
3262
3262
3261
3261
3260
3260
3259
3258
3258
3257
3257
3257
3257
3256
3256
3256
3256
3254
3252
3250
3248
3245
3245
3244
3244
3243
3240
3240
3240
3239
3239
3238
3236
3236
3235
3235
3234
3233
3233
3233
3231
3231
3230
3227
3227
3226
3226
3226
3225
3224
3222
3222
3222
3221
3218
3218
3218
3217
3217
3216
3216
3216
3216
3215
3214
3214
3214
3212
3211
3210
3209
3209
3206
3204
3203
3203
3203
3202
3202
3201
3200
3200
3200
3199
3199
3198
3197
3196
3196
3195
3194
3194
3193
3193
3193
3191
3191
3190
3190
3189
3187
3187
3186
3185
3185
3185
3184
3181
3181
3181
3181
3181
3180
3179
3178
3178
3176
3174
3174
3173
3172
3170
3170
3168
3168
3168
3168
3166
3165
3165
3164
3164
3163
3163
3161
3160
3160
3160
3158
3156
3156
3156
3156
3155
3155
3154
3153
3152
3151
3151
3150
3150
3150
3149
3149
3148
3148
3147
3146
3146
3145
3144
3144
3141
3140
3139
3138
3138
3138
3137
3137
3136
3136
3134
3130
3130
3127
3126
3125
3124
3124
3122
3120
3120
3120
3118
3118
3117
3116
3116
3115
3114
3113
3113
3112
3112
3111
3110
3110
3109
3107
3105
3103
3103
3101
3099
3098
3098
3098
3091
3090
3087
3086
3084
3083
3083
3083
3082
3082
3081
3080
3080
3080
3079
3079
3078
3078
3078
3075
3075
3071
3070
3070
3070
3069
3068
3066
3065
3065
3062
3060
3059
3059
3058
3055
3052
3051
3049
3049
3049
3046
3046
3045
3045
3045
3044
3043
3042
3041
3041
3040
3040
3040
3039
3038
3038
3038
3038
3037
3037
3034
3033
3033
3032
3032
3032
3031
3030
3028
3027
3025
3024
3022
3020
3018
3017
3017
3017
3016
3015
3014
3009
3008
3004
3004
3003
3003
3002
3001
3001
2999
2997
2995
2993
2992
2990
2989
2989
2986
2986
2985
2985
2985
2984
2983
2982
2980
2979
2978
2977
2976
2976
2974
2974
2974
2973
2972
2972
2971
2970
2969
2968
2968
2968
2967
2967
2967
2967
2965
2964
2962
2961
2960
2960
2960
2959
2959
2958
2957
2956
2955
2953
2953
2950
2949
2949
2948
2947
2946
2943
2941
2941
2941
2940
2939
2938
2938
2935
2933
2933
2933
2930
2930
2928
2928
2927
2927
2927
2927
2926
2926
2926
2925
2922
2922
2922
2921
2917
2915
2915
2915
2914
2912
2910
2907
2905
2904
2904
2903
2903
2901
2897
2897
2896
2896
2894
2894
2894
2893
2891
2890
2890
2889
2888
2887
2887
2887
2886
2885
2884
2884
2883
2883
2883
2881
2880
2880
2879
2879
2878
2878
2876
2875
2873
2872
2872
2870
2868
2868
2867
2866
2864
2862
2861
2860
2859
2858
2857
2857
2857
2856
2856
2854
2853
2852
2851
2850
2850
2850
2848
2844
2843
2843
2843
2842
2839
2837
2833
2833
2831
2831
2831
2831
2828
2828
2828
2827
2826
2826
2826
2825
2824
2823
2823
2823
2823
2820
2816
2815
2814
2814
2813
2813
2811
2810
2810
2810
2809
2808
2806
2806
2806
2805
2804
2802
2802
2801
2801
2799
2798
2797
2796
2793
2793
2791
2788
2787
2787
2787
2786
2786
2785
2785
2785
2783
2782
2781
2780
2779
2778
2777
2777
2774
2773
2773
2772
2772
2771
2768
2766
2764
2763
2762
2761
2760
2758
2758
2757
2756
2755
2754
2753
2747
2746
2745
2745
2744
2744
2744
2743
2742
2742
2740
2740
2739
2737
2736
2734
2733
2731
2730
2730
2730
2728
2726
2726
2726
2722
2721
2721
2721
2719
2718
2718
2718
2717
2716
2713
2712
2709
2709
2709
2706
2705
2704
2703
2702
2701
2700
2700
2698
2697
2694
2694
2693
2691
2689
2689
2689
2688
2688
2686
2686
2685
2685
2684
2684
2684
2684
2683
2681
2680
2680
2679
2679
2677
2677
2676
2676
2676
2676
2672
2672
2672
2672
2672
2671
2670
2670
2669
2669
2668
2668
2668
2667
2662
2662
2662
2661
2657
2657
2656
2655
2653
2653
2651
2651
2650
2649
2648
2648
2646
2646
2646
2643
2641
2640
2639
2639
2633
2632
2630
2630
2630
2629
2627
2624
2623
2622
2621
2620
2620
2620
2618
2617
2616
2616
2616
2615
2614
2614
2613
2612
2611
2607
2606
2605
2605
2605
2604
2601
2601
2600
2599
2599
2598
2597
2594
2594
2593
2593
2592
2592
2590
2587
2586
2584
2583
2582
2582
2581
2581
2579
2579
2577
2575
2574
2572
2572
2572
2571
2571
2569
2568
2567
2567
2567
2564
2563
2562
2562
2562
2560
2559
2559
2558
2554
2554
2554
2553
2552
2551
2550
2550
2550
2549
2548
2546
2545
2542
2542
2542
2538
2538
2536
2536
2534
2532
2532
2530
2529
2529
2529
2528
2527
2526
2516
2512
2511
2510
2510
2510
2506
2506
2506
2505
2504
2503
2501
2500
2499
2498
2498
2496
2496
2496
2495
2495
2492
2491
2489
2488
2488
2486
2483
2483
2482
2482
2479
2479
2478
2475
2470
2467
2467
2466
2465
2464
2463
2458
2458
2458
2456
2456
2454
2454
2451
2448
2448
2447
2446
2444
2443
2442
2440
2439
2439
2438
2438
2436
2433
2433
2431
2430
2430
2428
2427
2425
2425
2424
2423
2422
2422
2421
2420
2420
2420
2418
2417
2417
2416
2416
2414
2414
2413
2412
2411
2411
2409
2409
2409
2409
2408
2407
2406
2406
2405
2405
2405
2403
2403
2402
2402
2402
2398
2398
2398
2394
2393
2393
2391
2389
2388
2386
2385
2381
2379
2377
2374
2374
2372
2370
2370
2368
2368
2367
2365
2365
2365
2362
2361
2360
2358
2356
2356
2355
2354
2353
2353
2353
2351
2351
2351
2348
2348
2346
2344
2344
2344
2343
2343
2342
2340
2339
2339
2338
2338
2337
2337
2333
2333
2331
2330
2328
2325
2325
2325
2324
2322
2320
2320
2318
2318
2315
2315
2314
2314
2313
2312
2312
2310
2309
2307
2306
2306
2305
2305
2305
2304
2304
2303
2302
2302
2301
2300
2299
2299
2298
2297
2296
2296
2295
2294
2293
2293
2293
2292
2291
2289
2288
2288
2286
2285
2285
2284
2284
2283
2281
2281
2281
2280
2280
2279
2277
2276
2276
2275
2275
2273
2273
2273
2269
2269
2267
2266
2265
2265
2264
2263
2263
2261
2259
2259
2257
2257
2255
2255
2254
2254
2249
2249
2247
2247
2246
2244
2244
2241
2239
2237
2237
2235
2235
2235
2232
2231
2231
2229
2229
2229
2225
2224
2222
2221
2220
2220
2219
2217
2217
2216
2215
2214
2214
2213
2213
2211
2208
2208
2208
2208
2207
2206
2205
2204
2203
2203
2203
2200
2198
2198
2198
2197
2197
2196
2196
2195
2191
2190
2189
2189
2188
2188
2188
2187
2186
2186
2185
2181
2180
2179
2178
2178
2177
2176
2176
2175
2174
2173
2173
2172
2170
2170
2167
2165
2162
2161
2159
2156
2155
2155
2152
2151
2150
2150
2147
2145
2144
2143
2143
2141
2141
2140
2140
2140
2140
2135
2135
2134
2134
2132
2131
2130
2128
2126
2126
2124
2123
2122
2121
2120
2119
2119
2119
2118
2118
2115
2114
2112
2112
2111
2108
2106
2105
2104
2104
2103
2102
2102
2101
2099
2098
2097
2097
2094
2093
2092
2090
2090
2089
2088
2086
2085
2085
2083
2081
2080
2079
2079
2077
2076
2075
2074
2074
2074
2073
2072
2072
2072
2072
2071
2069
2068
2068
2067
2066
2066
2066
2066
2065
2065
2064
2061
2060
2059
2058
2058
2056
2055
2054
2053
2052
2051
2050
2050
2050
2049
2047
2046
2045
2045
2043
2043
2043
2041
2040
2038
2038
2035
2035
2034
2031
2031
2030
2029
2029
2028
2028
2028
2027
2027
2027
2027
2026
2026
2026
2025
2025
2025
2023
2022
2022
2021
2020
2020
2019
2019
2017
2014
2011
2009
2007
2007
2007
2006
2003
2002
2001
2001
1999
1999
1996
1996
1996
1996
1994
1994
1993
1992
1992
1992
1988
1987
1987
1987
1986
1986
1981
1978
1977
1977
1976
1976
1976
1974
1973
1972
1972
1971
1970
1969
1969
1968
1967
1967
1966
1966
1965
1965
1965
1965
1964
1963
1963
1962
1961
1960
1960
1959
1958
1957
1955
1954
1952
1952
1951
1950
1949
1949
1948
1947
1947
1946
1944
1943
1942
1942
1941
1939
1938
1937
1936
1936
1936
1936
1935
1933
1933
1932
1931
1931
1931
1930
1929
1928
1928
1928
1925
1924
1924
1924
1923
1921
1921
1919
1918
1917
1916
1914
1913
1912
1910
1910
1910
1909
1909
1908
1907
1904
1903
1903
1902
1902
1901
1901
1901
1898
1898
1897
1897
1897
1896
1896
1892
1891
1890
1890
1890
1889
1889
1887
1886
1885
1884
1884
1882
1882
1880
1880
1879
1879
1879
1877
1876
1876
1874
1874
1873
1871
1870
1869
1869
1867
1867
1866
1865
1863
1862
1858
1858
1857
1857
1853
1852
1851
1850
1850
1848
1847
1847
1844
1844
1844
1841
1840
1839
1838
1838
1838
1837
1835
1835
1835
1835
1834
1834
1832
1832
1831
1830
1828
1827
1826
1825
1823
1823
1822
1822
1820
1817
1816
1815
1815
1815
1813
1812
1812
1810
1810
1810
1809
1809
1808
1808
1808
1808
1807
1804
1803
1801
1800
1798
1797
1788
1786
1786
1785
1784
1784
1784
1783
1782
1781
1780
1780
1779
1777
1776
1776
1775
1774
1772
1772
1772
1770
1768
1768
1765
1762
1762
1761
1761
1761
1760
1760
1758
1757
1757
1756
1756
1752
1750
1750
1749
1748
1747
1745
1744
1742
1742
1741
1740
1738
1736
1735
1734
1733
1732
1729
1729
1727
1726
1725
1722
1716
1716
1714
1713
1713
1713
1712
1711
1710
1708
1708
1707
1705
1704
1703
1703
1703
1702
1701
1701
1700
1697
1697
1696
1693
1692
1691
1690
1689
1689
1686
1685
1685
1684
1684
1682
1682
1680
1678
1678
1678
1677
1676
1675
1672
1672
1671
1671
1670
1667
1666
1665
1665
1664
1664
1663
1663
1663
1663
1661
1660
1660
1660
1657
1656
1655
1653
1652
1652
1652
1651
1651
1651
1651
1648
1648
1647
1647
1645
1645
1644
1643
1643
1641
1639
1638
1637
1637
1633
1631
1631
1630
1629
1629
1627
1627
1624
1622
1621
1620
1620
1619
1618
1618
1617
1614
1613
1613
1610
1609
1609
1607
1603
1602
1602
1602
1602
1602
1601
1600
1599
1595
1595
1594
1593
1591
1589
1586
1586
1584
1584
1580
1579
1579
1577
1576
1575
1574
1573
1572
1570
1569
1569
1567
1566
1566
1566
1563
1563
1562
1562
1561
1557
1554
1549
1549
1549
1549
1548
1547
1547
1546
1545
1545
1542
1541
1539
1539
1533
1532
1532
1531
1531
1526
1526
1526
1526
1525
1524
1522
1522
1521
1520
1520
1519
1518
1518
1517
1515
1514
1514
1513
1513
1512
1512
1511
1510
1510
1510
1510
1508
1508
1507
1506
1506
1506
1506
1506
1505
1505
1504
1501
1499
1499
1499
1498
1496
1495
1494
1492
1491
1490
1489
1489
1488
1488
1488
1488
1486
1484
1482
1480
1479
1478
1477
1477
1477
1476
1474
1472
1468
1467
1467
1465
1465
1464
1462
1461
1461
1452
1451
1451
1450
1449
1449
1448
1448
1448
1446
1446
1444
1443
1442
1442
1441
1439
1438
1438
1437
1436
1435
1435
1434
1431
1430
1427
1427
1426
1426
1425
1425
1425
1423
1422
1421
1421
1421
1417
1416
1416
1415
1414
1413
1411
1411
1409
1407
1407
1405
1405
1405
1405
1404
1402
1402
1401
1400
1400
1400
1398
1398
1397
1396
1396
1394
1394
1393
1393
1392
1391
1390
1390
1390
1389
1387
1387
1386
1386
1385
1383
1383
1380
1379
1378
1376
1375
1374
1373
1372
1372
1372
1370
1369
1369
1369
1367
1366
1365
1364
1363
1363
1363
1362
1362
1360
1358
1356
1354
1353
1353
1352
1352
1352
1351
1350
1349
1349
1349
1348
1348
1343
1343
1342
1341
1341
1340
1340
1339
1338
1336
1336
1335
1333
1332
1332
1329
1329
1328
1324
1322
1319
1319
1318
1318
1318
1315
1314
1313
1313
1313
1312
1312
1309
1309
1307
1305
1305
1305
1304
1304
1301
1300
1300
1299
1299
1299
1298
1297
1295
1295
1294
1294
1293
1291
1289
1289
1287
1284
1283
1282
1281
1279
1278
1278
1278
1277
1276
1270
1268
1266
1264
1263
1263
1263
1263
1255
1255
1254
1254
1252
1252
1250
1248
1248
1247
1247
1245
1245
1243
1242
1242
1242
1240
1238
1237
1237
1236
1235
1235
1234
1233
1231
1230
1230
1230
1229
1229
1226
1223
1221
1220
1219
1219
1218
1218
1217
1215
1214
1214
1213
1212
1212
1209
1209
1208
1205
1204
1203
1201
1198
1196
1194
1192
1191
1191
1191
1191
1190
1186
1184
1183
1182
1181
1177
1176
1176
1176
1176
1175
1172
1171
1171
1170
1169
1169
1169
1169
1168
1166
1164
1164
1162
1162
1159
1159
1159
1159
1158
1158
1154
1152
1152
1151
1148
1148
1147
1147
1147
1145
1145
1142
1140
1139
1139
1137
1137
1136
1136
1135
1134
1133
1133
1132
1132
1130
1130
1129
1129
1128
1125
1124
1124
1124
1123
1121
1120
1118
1117
1117
1116
1115
1115
1114
1113
1113
1112
1112
1111
1111
1111
1111
1109
1108
1108
1108
1106
1106
1104
1104
1104
1102
1101
1099
1099
1099
1098
1098
1096
1096
1096
1095
1094
1094
1093
1093
1092
1092
1091
1091
1090
1088
1086
1084
1082
1082
1081
1079
1079
1078
1078
1078
1075
1075
1074
1073
1072
1071
1071
1071
1069
1069
1068
1068
1067
1067
1067
1066
1066
1066
1064
1064
1064
1063
1063
1061
1061
1061
1061
1060
1060
1060
1059
1058
1058
1056
1056
1055
1053
1052
1052
1052
1052
1051
1049
1049
1047
1046
1046
1044
1043
1041
1041
1041
1041
1040
1040
1037
1037
1037
1036
1036
1035
1032
1031
1030
1028
1027
1026
1025
1025
1025
1024
1021
1021
1021
1018
1018
1016
1014
1014
1012
1011
1009
1008
1006
1005
1001
1000
998
998
998
997
996
991
988
987
987
985
985
984
984
983
982
981
981
980
979
977
977
975
974
973
973
972
971
970
969
968
968
965
965
965
964
964
963
962
960
959
959
959
959
959
958
958
957
956
952
951
951
951
950
948
947
947
946
946
943
943
943
943
941
940
940
939
937
937
936
936
935
933
932
931
931
930
929
928
927
926
926
924
922
921
919
914
913
911
911
911
909
908
908
907
906
905
904
904
902
900
900
898
898
897
895
894
892
892
891
889
889
889
889
888
887
886
885
883
883
882
881
880
878
877
877
876
876
873
872
872
869
866
864
863
862
861
860
860
859
859
858
857
857
856
856
854
854
853
853
851
850
849
849
845
844
844
843
843
843
841
840
838
837
836
836
834
834
831
826
822
821
819
819
818
817
816
815
815
814
813
812
810
809
809
807
806
805
804
801
801
801
800
799
799
798
798
798
797
797
795
795
794
793
793
793
792
792
792
791
790
789
788
780
778
778
777
776
775
775
775
775
774
774
772
772
769
765
765
764
764
762
762
762
761
761
759
759
759
757
757
756
755
754
754
753
752
750
749
749
749
748
747
745
743
743
743
741
741
738
738
737
736
735
735
734
734
732
731
730
729
729
729
727
726
726
724
723
723
721
720
720
720
720
720
719
719
718
718
717
716
716
714
712
712
711
711
709
709
708
707
706
704
704
703
703
701
700
698
698
694
693
692
690
689
685
683
682
682
681
681
679
676
675
674
674
674
674
673
669
664
664
663
663
662
662
658
657
656
655
655
654
652
652
651
650
650
649
649
649
649
647
645
644
643
639
639
638
634
633
633
631
629
629
627
625
625
624
623
623
622
621
620
616
615
615
614
612
610
608
608
607
607
605
605
605
604
604
604
604
601
597
597
597
597
597
596
595
593
591
591
590
589
588
586
585
584
584
584
582
580
578
578
577
576
576
575
575
573
573
571
570
569
569
566
564
563
559
559
558
558
558
556
554
554
554
554
553
551
550
550
550
549
548
548
546
544
544
542
541
541
541
540
540
539
538
538
538
537
533
533
533
531
531
531
531
530
529
528
526
526
525
524
523
523
522
521
521
519
519
515
513
511
510
509
509
509
509
507
506
505
504
503
503
502
502
499
497
496
495
492
486
486
485
484
484
481
479
477
477
477
477
476
476
475
475
474
473
472
468
467
467
467
466
465
463
463
462
462
462
462
462
461
461
458
457
456
455
454
454
454
451
450
449
446
445
445
445
444
444
443
442
437
437
437
436
430
429
429
428
428
428
427
427
426
426
424
422
421
420
419
418
418
417
416
414
414
414
412
412
411
411
409
409
409
408
408
408
406
405
403
402
401
401
400
400
400
399
399
397
397
395
395
394
394
394
393
392
392
391
386
386
385
384
384
383
382
382
382
381
381
381
381
378
378
377
376
375
375
374
373
372
372
371
370
370
369
369
369
367
367
367
364
362
362
362
362
361
357
356
354
351
350
350
346
346
346
346
345
345
344
342
342
341
340
340
339
338
335
334
333
333
331
329
329
328
324
322
322
322
321
319
319
319
318
318
318
317
316
316
313
313
312
311
310
308
307
307
307
305
303
302
302
302
300
300
300
300
299
299
296
295
294
291
291
291
290
290
290
290
290
289
288
287
286
286
285
284
283
283
283
280
280
280
279
278
278
278
277
276
272
269
268
268
266
266
264
264
260
260
260
260
259
258
258
255
255
253
253
253
252
252
252
251
251
250
249
248
246
244
244
243
242
241
241
240
240
239
238
238
236
236
235
234
234
233
233
233
232
231
230
226
226
220
220
219
217
214
213
212
210
208
207
207
207
206
205
204
204
203
203
202
202
200
199
198
198
198
197
197
197
196
196
195
193
192
192
192
191
191
191
190
187
186
185
184
183
182
182
182
181
179
178
176
174
173
173
173
171
170
168
167
167
166
166
166
164
164
163
163
162
158
158
156
156
156
155
155
153
153
152
150
150
148
147
146
146
144
144
143
140
140
139
139
139
137
137
136
131
130
130
129
129
128
128
128
127
125
125
124
123
122
122
121
121
120
120
119
119
116
115
115
114
114
114
113
111
108
107
107
107
104
103
103
102
102
101
100
100
99
99
98
95
93
93
93
91
91
91
89
89
87
84
83
82
81
81
81
80
78
75
73
72
72
70
69
67
66
66
65
65
64
63
61
60
60
59
57
57
56
56
56
54
54
53
52
52
49
49
48
47
47
46
46
45
45
40
40
39
37
33
32
32
29
28
28
28
28
27
27
26
25
25
24
24
23
21
20
19
18
18
17
14
10
10
8
5
4
4
3
2
1
