963
962
844
750
54
283
439
717
783
476
362
421
851
908
668
737
88
483
393
284
52
905
438
908
523
2
180
509
277
158
727
324
101
163
60
570
374
364
559
79
207
346
585
362
882
225
647
171
983
687
827
679
353
676
786
136
669
213
553
451
425
822
607
675
887
960
22
755
642
218
334
439
541
675
971
597
28
83
30
244
411
713
716
479
82
894
702
385
843
25
1000
118
349
528
192
906
926
542
569
855
490
14
782
779
386
449
186
241
66
551
280
875
718
332
186
351
563
591
458
554
40
125
559
759
490
865
928
584
445
967
117
835
543
416
487
449
770
410
88
455
670
868
257
44
159
635
163
847
862
408
762
925
728
348
764
891
455
609
478
164
436
418
299
714
267
737
607
569
53
160
680
456
171
762
164
392
416
593
410
7
59
239
110
691
751
964
713
645
641
718
345
918
108
290
76
954
421
490
471
964
941
669
103
5
645
102
132
983
480
783
418
29
245
611
580
471
66
361
777
650
531
861
699
762
322
92
295
899
871
364
711
821
713
863
70
582
107
41
493
843
511
449
426
818
853
840
461
608
193
223
444
27
456
354
581
86
929
983
730
593
35
379
617
883
273
322
340
413
900
86
98
689
809
193
209
572
978
799
903
360
709
629
790
296
667
695
547
224
813
784
610
657
649
125
386
878
734
650
549
686
134
306
184
381
912
744
935
898
985
567
851
816
234
182
468
489
95
755
1000
94
775
209
639
719
337
865
265
666
713
771
768
663
991
960
14
331
757
963
573
885
193
864
92
556
476
966
498
300
153
312
654
564
687
257
195
460
208
99
783
87
39
792
580
305
91
915
692
822
642
824
585
863
551
225
362
475
92
92
318
780
50
159
523
215
565
509
598
55
91
275
309
933
641
701
608
481
387
831
273
254
976
324
739
741
113
59
713
425
13
585
414
636
533
571
80
41
954
541
518
576
284
740
939
695
188
861
153
950
46
254
160
931
291
395
602
229
569
625
525
154
477
302
711
904
833
125
119
417
797
872
78
623
77
579
728
196
384
665
192
653
817
351
810
330
965
169
54
80
552
925
278
831
156
497
517
603
78
274
806
531
887
691
597
172
518
123
231
328
574
660
945
686
934
664
475
934
40
461
173
17
721
191
257
787
433
45
492
35
547
643
127
185
244
592
956
196
511
62
654
537
60
366
676
810
458
734
283
331
962
716
163
325
965
16
569
575
992
794
251
183
422
713
566
270
714
304
275
783
409
246
816
584
56
451
852
91
524
427
276
381
735
336
648
583
432
763
826
82
675
495
745
493
436
712
320
714
537
955
523
233
747
439
796
219
987
290
664
402
577
402
929
559
559
464
325
864
971
831
53
57
505
113
646
835
634
807
816
580
271
379
447
939
361
57
481
678
449
982
913
711
118
802
61
853
149
888
64
686
597
865
950
632
486
503
912
131
64
760
512
108
858
386
40
815
155
505
37
764
957
438
495
469
185
722
936
5
552
923
533
596
520
630
578
268
39
763
376
37
593
182
834
325
229
707
340
752
568
313
562
672
153
115
291
182
807
296
189
400
479
507
491
30
615
460
987
180
706
765
912
188
541
608
555
695
316
100
244
395
624
563
262
844
550
936
214
581
512
670
749
411
202
585
169
755
637
244
397
532
889
921
219
822
243
692
850
434
669
182
971
16
610
953
680
833
97
542
453
456
247
22
481
767
893
312
960
608
943
375
159
203
274
121
563
282
143
860
73
476
761
757
143
778
271
630
540
46
260
738
506
77
625
716
944
730
154
184
185
354
552
503
697
300
465
439
425
207
691
236
154
279
73
425
122
869
195
810
539
419
720
150
91
624
816
355
255
794
485
356
88
541
778
487
437
601
92
481
159
165
765
438
961
434
841
528
727
918
828
545
804
175
372
256
617
633
984
306
887
196
980
700
469
703
903
656
911
330
12
908
741
582
711
77
743
319
371
972
81
129
754
819
998
980
924
602
533
113
60
352
448
33
87
759
964
8
394
447
702
539
949
287
240
294
560
563
228
461
262
555
438
78
825
639
321
294
544
606
583
293
853
141
408
950
684
238
353
216
536
665
20
589
975
638
205
513
289
438
242
480
814
331
606
470
269
743
11
507
67
948
492
407
230
184
208
908
308
221
52
780
962
498
566
751
110
902
97
698
270
754
920
109
896
552
957
300
749
816
127
778
13
282
190
149
412
759
400
797
537
859
769
119
637
246
267
252
509
733
877
24
673
490
986
734
936
235
694
445
778
744
384
640
