1000
1000
998
992
991
987
987
986
985
984
983
983
983
982
980
980
978
976
975
972
971
971
971
967
966
965
965
964
964
964
963
963
962
962
962
961
960
960
960
957
957
956
955
954
954
953
950
950
950
949
948
945
944
943
941
939
939
936
936
936
935
934
934
933
931
929
929
928
926
925
925
924
923
921
920
918
918
915
913
912
912
912
911
908
908
908
908
906
905
904
903
903
902
900
899
898
896
894
893
891
889
888
887
887
887
885
883
882
878
877
875
872
871
869
868
865
865
865
864
864
863
863
862
861
861
860
859
858
855
853
853
853
852
851
851
850
847
844
844
843
843
841
840
835
835
834
833
833
831
831
831
828
827
826
825
824
822
822
822
821
819
818
817
816
816
816
816
816
815
814
813
810
810
810
809
807
807
806
804
802
799
797
797
796
794
794
792
790
787
786
784
783
783
783
783
782
780
780
779
778
778
778
778
777
775
771
770
769
768
767
765
765
764
764
763
763
762
762
762
761
760
759
759
759
757
757
755
755
755
754
754
752
751
751
750
749
749
747
745
744
744
743
743
741
741
740
739
738
737
737
735
734
734
734
733
730
730
728
728
727
727
722
721
720
719
718
718
717
716
716
716
714
714
714
713
713
713
713
713
713
712
711
711
711
711
709
707
706
703
702
702
701
700
699
698
697
695
695
695
694
692
692
691
691
691
689
687
687
686
686
686
684
680
680
679
678
676
676
675
675
675
673
672
670
670
669
669
669
668
667
666
665
665
664
664
663
660
657
656
654
654
653
650
650
649
648
647
646
645
645
643
642
642
641
641
640
639
639
638
637
637
636
635
634
633
632
630
630
629
625
625
624
624
623
617
617
615
611
610
610
609
608
608
608
608
607
607
606
606
603
602
602
601
598
597
597
597
596
593
593
593
592
591
589
585
585
585
585
584
584
583
583
582
582
581
581
580
580
580
579
578
577
576
575
574
573
572
571
570
569
569
569
569
568
567
566
566
565
564
563
563
563
563
562
560
559
559
559
559
556
555
555
554
553
552
552
552
552
551
551
550
549
547
547
545
544
543
542
542
541
541
541
541
540
539
539
537
537
537
536
533
533
533
532
531
531
528
528
525
524
523
523
523
520
518
518
517
513
512
512
511
511
509
509
509
507
507
506
505
505
503
503
498
498
497
495
495
493
493
492
492
491
490
490
490
490
489
487
487
486
485
483
481
481
481
481
480
480
479
479
478
477
476
476
476
475
475
471
471
470
469
469
468
465
464
461
461
461
460
460
458
458
456
456
456
455
455
453
451
451
449
449
449
449
448
447
447
445
445
444
439
439
439
439
438
438
438
438
438
437
436
436
434
434
433
432
427
426
425
425
425
425
422
421
421
419
418
418
417
416
416
414
413
412
411
411
410
410
409
408
408
407
402
402
400
400
397
395
395
394
393
392
387
386
386
386
385
384
384
381
381
379
379
376
375
374
372
371
366
364
364
362
362
362
361
361
360
356
355
354
354
353
353
352
351
351
349
348
346
345
340
340
337
336
334
332
331
331
331
330
330
328
325
325
325
324
324
322
322
321
320
319
318
316
313
312
312
309
308
306
306
305
304
302
300
300
300
299
296
296
295
294
294
293
291
291
290
290
289
287
284
284
283
283
282
282
280
279
278
277
276
275
275
274
274
273
273
271
271
270
270
269
268
267
267
265
262
262
260
257
257
257
256
255
254
254
252
251
247
246
246
245
244
244
244
244
243
242
241
240
239
238
236
235
234
233
231
230
229
229
228
225
225
224
223
221
219
219
218
216
215
214
213
209
209
208
208
207
207
205
203
202
196
196
196
195
195
193
193
193
192
192
191
190
189
188
188
186
186
185
185
185
184
184
184
183
182
182
182
182
180
180
175
173
172
171
171
169
169
165
164
164
163
163
163
160
160
159
159
159
159
158
156
155
154
154
154
153
153
153
150
149
149
143
143
141
136
134
132
131
129
127
127
125
125
125
123
122
121
119
119
118
118
117
115
113
113
113
110
110
109
108
108
107
103
102
101
100
99
98
97
97
95
94
92
92
92
92
92
91
91
91
91
88
88
88
87
87
86
86
83
82
82
81
80
80
79
78
78
78
77
77
77
76
73
73
70
67
66
66
64
64
62
61
60
60
60
59
59
57
57
56
55
54
54
53
53
52
52
50
46
46
45
44
41
41
40
40
40
39
39
37
37
35
35
33
30
30
29
28
27
25
24
22
22
20
17
16
16
14
14
13
13
12
11
8
7
5
5
2
