1
2
3
4
4
5
8
10
10
14
17
18
18
19
20
21
23
24
24
25
25
26
27
27
28
28
28
28
29
32
32
33
37
39
40
40
45
45
46
46
47
47
48
49
49
52
52
53
54
54
56
56
56
57
57
59
60
60
61
63
64
65
65
66
66
67
69
70
72
72
73
75
78
80
81
81
81
82
83
84
87
89
89
91
91
91
93
93
93
95
98
99
99
100
100
101
102
102
103
103
104
107
107
107
108
111
113
114
114
114
115
115
116
119
119
120
120
121
121
122
122
123
124
125
125
127
128
128
128
129
129
130
130
131
136
137
137
139
139
139
140
140
143
144
144
146
146
147
148
150
150
152
153
153
155
155
156
156
156
158
158
162
163
163
164
164
166
166
166
167
167
168
170
171
173
173
173
174
176
178
179
181
182
182
182
183
184
185
186
187
190
191
191
191
192
192
192
193
195
196
196
197
197
197
198
198
198
199
200
202
202
203
203
204
204
205
206
207
207
207
208
210
212
213
214
217
219
220
220
226
226
230
231
232
233
233
233
234
234
235
236
236
238
238
239
240
240
241
241
242
243
244
244
246
248
249
250
251
251
252
252
252
253
253
253
255
255
258
258
259
260
260
260
260
264
264
266
266
268
268
269
272
276
277
278
278
278
279
280
280
280
283
283
283
284
285
286
286
287
288
289
290
290
290
290
290
291
291
291
294
295
296
299
299
300
300
300
300
302
302
302
303
305
307
307
307
308
310
311
312
313
313
316
316
317
318
318
318
319
319
319
321
322
322
322
324
328
329
329
331
333
333
334
335
338
339
340
340
341
342
342
344
345
345
346
346
346
346
350
350
351
354
356
357
361
362
362
362
362
364
367
367
367
369
369
369
370
370
371
372
372
373
374
375
375
376
377
378
378
381
381
381
381
382
382
382
383
384
384
385
386
386
391
392
392
393
394
394
394
395
395
397
397
399
399
400
400
400
401
401
402
403
405
406
408
408
408
409
409
409
411
411
412
412
414
414
414
416
417
418
418
419
420
421
422
424
426
426
427
427
428
428
428
429
429
430
436
437
437
437
442
443
444
444
445
445
445
446
449
450
451
454
454
454
455
456
457
458
461
461
462
462
462
462
462
463
463
465
466
467
467
467
468
472
473
474
475
475
476
476
477
477
477
477
479
481
484
484
485
486
486
492
495
496
497
499
502
502
503
503
504
505
506
507
509
509
509
509
510
511
513
515
519
519
521
521
522
523
523
524
525
526
526
528
529
530
531
531
531
531
533
533
533
537
538
538
538
539
540
540
541
541
541
542
544
544
546
548
548
549
550
550
550
551
553
554
554
554
554
556
558
558
558
559
559
563
564
566
569
569
570
571
573
573
575
575
576
576
577
578
578
580
582
584
584
584
585
586
588
589
590
591
591
593
595
596
597
597
597
597
597
601
604
604
604
604
605
605
605
607
607
608
608
610
612
614
615
615
616
620
621
622
623
623
624
625
625
627
629
629
631
633
633
634
638
639
639
643
644
645
647
649
649
649
649
650
650
651
652
652
654
655
655
656
657
658
662
662
663
663
664
664
669
673
674
674
674
674
675
676
679
681
681
682
682
683
685
689
690
692
693
694
698
698
700
701
703
703
704
704
706
707
708
709
709
711
711
712
712
714
716
716
717
718
718
719
719
720
720
720
720
720
721
723
723
724
726
726
727
729
729
729
730
731
732
734
734
735
735
736
737
738
738
741
741
743
743
743
745
747
748
749
749
749
750
752
753
754
754
755
756
757
757
759
759
759
761
761
762
762
762
764
764
765
765
769
772
772
774
774
775
775
775
775
776
777
778
778
780
788
789
790
791
792
792
792
793
793
793
794
795
795
797
797
798
798
798
799
799
800
801
801
801
804
805
806
807
809
809
810
812
813
814
815
815
816
817
818
819
819
821
822
826
831
834
834
836
836
837
838
840
841
843
843
843
844
844
845
849
849
850
851
853
853
854
854
856
856
857
857
858
859
859
860
860
861
862
863
864
866
869
872
872
873
876
876
877
877
878
880
881
882
883
883
885
886
887
888
889
889
889
889
891
892
892
894
895
897
898
898
900
900
902
904
904
905
906
907
908
908
909
911
911
911
913
914
919
921
922
924
926
926
927
928
929
930
931
931
932
933
935
936
936
937
937
939
940
940
941
943
943
943
943
946
946
947
947
948
950
951
951
951
952
956
957
958
958
959
959
959
959
959
960
962
963
964
964
965
965
965
968
968
969
970
971
972
973
973
974
975
977
977
979
980
981
981
982
983
984
984
985
985
987
987
988
991
996
997
998
998
998
1000
1001
1005
1006
1008
1009
1011
1012
1014
1014
1016
1018
1018
1021
1021
1021
1024
1025
1025
1025
1026
1027
1028
1030
1031
1032
1035
1036
1036
1037
1037
1037
1040
1040
1041
1041
1041
1041
1043
1044
1046
1046
1047
1049
1049
1051
1052
1052
1052
1052
1053
1055
1056
1056
1058
1058
1059
1060
1060
1060
1061
1061
1061
1061
1063
1063
1064
1064
1064
1066
1066
1066
1067
1067
1067
1068
1068
1069
1069
1071
1071
1071
1072
1073
1074
1075
1075
1078
1078
1078
1079
1079
1081
1082
1082
1084
1086
1088
1090
1091
1091
1092
1092
1093
1093
1094
1094
1095
1096
1096
1096
1098
1098
1099
1099
1099
1101
1102
1104
1104
1104
1106
1106
1108
1108
1108
1109
1111
1111
1111
1111
1112
1112
1113
1113
1114
1115
1115
1116
1117
1117
1118
1120
1121
1123
1124
1124
1124
1125
1128
1129
1129
1130
1130
1132
1132
1133
1133
1134
1135
1136
1136
1137
1137
1139
1139
1140
1142
1145
1145
1147
1147
1147
1148
1148
1151
1152
1152
1154
1158
1158
1159
1159
1159
1159
1162
1162
1164
1164
1166
1168
1169
1169
1169
1169
1170
1171
1171
1172
1175
1176
1176
1176
1176
1177
1181
1182
1183
1184
1186
1190
1191
1191
1191
1191
1192
1194
1196
1198
1201
1203
1204
1205
1208
1209
1209
1212
1212
1213
1214
1214
1215
1217
1218
1218
1219
1219
1220
1221
1223
1226
1229
1229
1230
1230
1230
1231
1233
1234
1235
1235
1236
1237
1237
1238
1240
1242
1242
1242
1243
1245
1245
1247
1247
1248
1248
1250
1252
1252
1254
1254
1255
1255
1263
1263
1263
1263
1264
1266
1268
1270
1276
1277
1278
1278
1278
1279
1281
1282
1283
1284
1287
1289
1289
1291
1293
1294
1294
1295
1295
1297
1298
1299
1299
1299
1300
1300
1301
1304
1304
1305
1305
1305
1307
1309
1309
1312
1312
1313
1313
1313
1314
1315
1318
1318
1318
1319
1319
1322
1324
1328
1329
1329
1332
1332
1333
1335
1336
1336
1338
1339
1340
1340
1341
1341
1342
1343
1343
1348
1348
1349
1349
1349
1350
1351
1352
1352
1352
1353
1353
1354
1356
1358
1360
1362
1362
1363
1363
1363
1364
1365
1366
1367
1369
1369
1369
1370
1372
1372
1372
1373
1374
1375
1376
1378
1379
1380
1383
1383
1385
1386
1386
1387
1387
1389
1390
1390
1390
1391
1392
1393
1393
1394
1394
1396
1396
1397
1398
1398
1400
1400
1400
1401
1402
1402
1404
1405
1405
1405
1405
1407
1407
1409
1411
1411
1413
1414
1415
1416
1416
1417
1421
1421
1421
1422
1423
1425
1425
1425
1426
1426
1427
1427
1430
1431
1434
1435
1435
1436
1437
1438
1438
1439
1441
1442
1442
1443
1444
1446
1446
1448
1448
1448
1449
1449
1450
1451
1451
1452
1461
1461
1462
1464
1465
1465
1467
1467
1468
1472
1474
1476
1477
1477
1477
1478
1479
1480
1482
1484
1486
1488
1488
1488
1488
1489
1489
1490
1491
1492
1494
1495
1496
1498
1499
1499
1499
1501
1504
1505
1505
1506
1506
1506
1506
1506
1507
1508
1508
1510
1510
1510
1510
1511
1512
1512
1513
1513
1514
1514
1515
1517
1518
1518
1519
1520
1520
1521
1522
1522
1524
1525
1526
1526
1526
1526
1531
1531
1532
1532
1533
1539
1539
1541
1542
1545
1545
1546
1547
1547
1548
1549
1549
1549
1549
1554
1557
1561
1562
1562
1563
1563
1566
1566
1566
1567
1569
1569
1570
1572
1573
1574
1575
1576
1577
1579
1579
1580
1584
1584
1586
1586
1589
1591
1593
1594
1595
1595
1599
1600
1601
1602
1602
1602
1602
1602
1603
1607
1609
1609
1610
1613
1613
1614
1617
1618
1618
1619
1620
1620
1621
1622
1624
1627
1627
1629
1629
1630
1631
1631
1633
1637
1637
1638
1639
1641
1643
1643
1644
1645
1645
1647
1647
1648
1648
1651
1651
1651
1651
1652
1652
1652
1653
1655
1656
1657
1660
1660
1660
1661
1663
1663
1663
1663
1664
1664
1665
1665
1666
1667
1670
1671
1671
1672
1672
1675
1676
1677
1678
1678
1678
1680
1682
1682
1684
1684
1685
1685
1686
1689
1689
1690
1691
1692
1693
1696
1697
1697
1700
1701
1701
1702
1703
1703
1703
1704
1705
1707
1708
1708
1710
1711
1712
1713
1713
1713
1714
1716
1716
1722
1725
1726
1727
1729
1729
1732
1733
1734
1735
1736
1738
1740
1741
1742
1742
1744
1745
1747
1748
1749
1750
1750
1752
1756
1756
1757
1757
1758
1760
1760
1761
1761
1761
1762
1762
1765
1768
1768
1770
1772
1772
1772
1774
1775
1776
1776
1777
1779
1780
1780
1781
1782
1783
1784
1784
1784
1785
1786
1786
1788
1797
1798
1800
1801
1803
1804
1807
1808
1808
1808
1808
1809
1809
1810
1810
1810
1812
1812
1813
1815
1815
1815
1816
1817
1820
1822
1822
1823
1823
1825
1826
1827
1828
1830
1831
1832
1832
1834
1834
1835
1835
1835
1835
1837
1838
1838
1838
1839
1840
1841
1844
1844
1844
1847
1847
1848
1850
1850
1851
1852
1853
1857
1857
1858
1858
1862
1863
1865
1866
1867
1867
1869
1869
1870
1871
1873
1874
1874
1876
1876
1877
1879
1879
1879
1880
1880
1882
1882
1884
1884
1885
1886
1887
1889
1889
1890
1890
1890
1891
1892
1896
1896
1897
1897
1897
1898
1898
1901
1901
1901
1902
1902
1903
1903
1904
1907
1908
1909
1909
1910
1910
1910
1912
1913
1914
1916
1917
1918
1919
1921
1921
1923
1924
1924
1924
1925
1928
1928
1928
1929
1930
1931
1931
1931
1932
1933
1933
1935
1936
1936
1936
1936
1937
1938
1939
1941
1942
1942
1943
1944
1946
1947
1947
1948
1949
1949
1950
1951
1952
1952
1954
1955
1957
1958
1959
1960
1960
1961
1962
1963
1963
1964
1965
1965
1965
1965
1966
1966
1967
1967
1968
1969
1969
1970
1971
1972
1972
1973
1974
1976
1976
1976
1977
1977
1978
1981
1986
1986
1987
1987
1987
1988
1992
1992
1992
1993
1994
1994
1996
1996
1996
1996
1999
1999
2001
2001
2002
2003
2006
2007
2007
2007
2009
2011
2014
2017
2019
2019
2020
2020
2021
2022
2022
2023
2025
2025
2025
2026
2026
2026
2027
2027
2027
2027
2028
2028
2028
2029
2029
2030
2031
2031
2034
2035
2035
2038
2038
2040
2041
2043
2043
2043
2045
2045
2046
2047
2049
2050
2050
2050
2051
2052
2053
2054
2055
2056
2058
2058
2059
2060
2061
2064
2065
2065
2066
2066
2066
2066
2067
2068
2068
2069
2071
2072
2072
2072
2072
2073
2074
2074
2074
2075
2076
2077
2079
2079
2080
2081
2083
2085
2085
2086
2088
2089
2090
2090
2092
2093
2094
2097
2097
2098
2099
2101
2102
2102
2103
2104
2104
2105
2106
2108
2111
2112
2112
2114
2115
2118
2118
2119
2119
2119
2120
2121
2122
2123
2124
2126
2126
2128
2130
2131
2132
2134
2134
2135
2135
2140
2140
2140
2140
2141
2141
2143
2143
2144
2145
2147
2150
2150
2151
2152
2155
2155
2156
2159
2161
2162
2165
2167
2170
2170
2172
2173
2173
2174
2175
2176
2176
2177
2178
2178
2179
2180
2181
2185
2186
2186
2187
2188
2188
2188
2189
2189
2190
2191
2195
2196
2196
2197
2197
2198
2198
2198
2200
2203
2203
2203
2204
2205
2206
2207
2208
2208
2208
2208
2211
2213
2213
2214
2214
2215
2216
2217
2217
2219
2220
2220
2221
2222
2224
2225
2229
2229
2229
2231
2231
2232
2235
2235
2235
2237
2237
2239
2241
2244
2244
2246
2247
2247
2249
2249
2254
2254
2255
2255
2257
2257
2259
2259
2261
2263
2263
2264
2265
2265
2266
2267
2269
2269
2273
2273
2273
2275
2275
2276
2276
2277
2279
2280
2280
2281
2281
2281
2283
2284
2284
2285
2285
2286
2288
2288
2289
2291
2292
2293
2293
2293
2294
2295
2296
2296
2297
2298
2299
2299
2300
2301
2302
2302
2303
2304
2304
2305
2305
2305
2306
2306
2307
2309
2310
2312
2312
2313
2314
2314
2315
2315
2318
2318
2320
2320
2322
2324
2325
2325
2325
2328
2330
2331
2333
2333
2337
2337
2338
2338
2339
2339
2340
2342
2343
2343
2344
2344
2344
2346
2348
2348
2351
2351
2351
2353
2353
2353
2354
2355
2356
2356
2358
2360
2361
2362
2365
2365
2365
2367
2368
2368
2370
2370
2372
2374
2374
2377
2379
2381
2385
2386
2388
2389
2391
2393
2393
2394
2398
2398
2398
2402
2402
2402
2403
2403
2405
2405
2405
2406
2406
2407
2408
2409
2409
2409
2409
2411
2411
2412
2413
2414
2414
2416
2416
2417
2417
2418
2420
2420
2420
2421
2422
2422
2423
2424
2425
2425
2427
2428
2430
2430
2431
2433
2433
2436
2438
2438
2439
2439
2440
2442
2443
2444
2446
2447
2448
2448
2451
2454
2454
2456
2456
2458
2458
2458
2463
2464
2465
2466
2467
2467
2470
2475
2478
2479
2479
2482
2482
2483
2483
2486
2488
2488
2489
2491
2492
2495
2495
2496
2496
2496
2498
2498
2499
2500
2501
2503
2504
2505
2506
2506
2506
2510
2510
2510
2511
2512
2516
2526
2527
2528
2529
2529
2529
2530
2532
2532
2534
2536
2536
2538
2538
2542
2542
2542
2545
2546
2548
2549
2550
2550
2550
2551
2552
2553
2554
2554
2554
2558
2559
2559
2560
2562
2562
2562
2563
2564
2567
2567
2567
2568
2569
2571
2571
2572
2572
2572
2574
2575
2577
2579
2579
2581
2581
2582
2582
2583
2584
2586
2587
2590
2592
2592
2593
2593
2594
2594
2597
2598
2599
2599
2600
2601
2601
2604
2605
2605
2605
2606
2607
2611
2612
2613
2614
2614
2615
2616
2616
2616
2617
2618
2620
2620
2620
2621
2622
2623
2624
2627
2629
2630
2630
2630
2632
2633
2639
2639
2640
2641
2643
2646
2646
2646
2648
2648
2649
2650
2651
2651
2653
2653
2655
2656
2657
2657
2661
2662
2662
2662
2667
2668
2668
2668
2669
2669
2670
2670
2671
2672
2672
2672
2672
2672
2676
2676
2676
2676
2677
2677
2679
2679
2680
2680
2681
2683
2684
2684
2684
2684
2685
2685
2686
2686
2688
2688
2689
2689
2689
2691
2693
2694
2694
2697
2698
2700
2700
2701
2702
2703
2704
2705
2706
2709
2709
2709
2712
2713
2716
2717
2718
2718
2718
2719
2721
2721
2721
2722
2726
2726
2726
2728
2730
2730
2730
2731
2733
2734
2736
2737
2739
2740
2740
2742
2742
2743
2744
2744
2744
2745
2745
2746
2747
2753
2754
2755
2756
2757
2758
2758
2760
2761
2762
2763
2764
2766
2768
2771
2772
2772
2773
2773
2774
2777
2777
2778
2779
2780
2781
2782
2783
2785
2785
2785
2786
2786
2787
2787
2787
2788
2791
2793
2793
2796
2797
2798
2799
2801
2801
2802
2802
2804
2805
2806
2806
2806
2808
2809
2810
2810
2810
2811
2813
2813
2814
2814
2815
2816
2820
2823
2823
2823
2823
2824
2825
2826
2826
2826
2827
2828
2828
2828
2831
2831
2831
2831
2833
2833
2837
2839
2842
2843
2843
2843
2844
2848
2850
2850
2850
2851
2852
2853
2854
2856
2856
2857
2857
2857
2858
2859
2860
2861
2862
2864
2866
2867
2868
2868
2870
2872
2872
2873
2875
2876
2878
2878
2879
2879
2880
2880
2881
2883
2883
2883
2884
2884
2885
2886
2887
2887
2887
2888
2889
2890
2890
2891
2893
2894
2894
2894
2896
2896
2897
2897
2901
2903
2903
2904
2904
2905
2907
2910
2912
2914
2915
2915
2915
2917
2921
2922
2922
2922
2925
2926
2926
2926
2927
2927
2927
2927
2928
2928
2930
2930
2933
2933
2933
2935
2938
2938
2939
2940
2941
2941
2941
2943
2946
2947
2948
2949
2949
2950
2953
2953
2955
2956
2957
2958
2959
2959
2960
2960
2960
2961
2962
2964
2965
2967
2967
2967
2967
2968
2968
2968
2969
2970
2971
2972
2972
2973
2974
2974
2974
2976
2976
2977
2978
2979
2980
2982
2983
2984
2985
2985
2985
2986
2986
2989
2989
2990
2992
2993
2995
2997
2999
3001
3001
3002
3003
3003
3004
3004
3008
3009
3014
3015
3016
3017
3017
3017
3018
3020
3022
3024
3025
3027
3028
3030
3031
3032
3032
3032
3033
3033
3034
3037
3037
3038
3038
3038
3038
3039
3040
3040
3040
3041
3041
3042
3043
3044
3045
3045
3045
3046
3046
3049
3049
3049
3051
3052
3055
3058
3059
3059
3060
3062
3065
3065
3066
3068
3069
3070
3070
3070
3071
3075
3075
3078
3078
3078
3079
3079
3080
3080
3080
3081
3082
3082
3083
3083
3083
3084
3086
3087
3090
3091
3098
3098
3098
3099
3101
3103
3103
3105
3107
3109
3110
3110
3111
3112
3112
3113
3113
3114
3115
3116
3116
3117
3118
3118
3120
3120
3120
3122
3124
3124
3125
3126
3127
3130
3130
3134
3136
3136
3137
3137
3138
3138
3138
3139
3140
3141
3144
3144
3145
3146
3146
3147
3148
3148
3149
3149
3150
3150
3150
3151
3151
3152
3153
3154
3155
3155
3156
3156
3156
3156
3158
3160
3160
3160
3161
3163
3163
3164
3164
3165
3165
3166
3168
3168
3168
3168
3170
3170
3172
3173
3174
3174
3176
3178
3178
3179
3180
3181
3181
3181
3181
3181
3184
3185
3185
3185
3186
3187
3187
3189
3190
3190
3191
3191
3193
3193
3193
3194
3194
3195
3196
3196
3197
3198
3199
3199
3200
3200
3200
3201
3202
3202
3203
3203
3203
3204
3206
3209
3209
3210
3211
3212
3214
3214
3214
3215
3216
3216
3216
3216
3217
3217
3218
3218
3218
3221
3222
3222
3222
3224
3225
3226
3226
3226
3227
3227
3230
3231
3231
3233
3233
3233
3234
3235
3235
3236
3236
3238
3239
3239
3240
3240
3240
3243
3244
3244
3245
3245
3248
3250
3252
3254
3256
3256
3256
3256
3257
3257
3257
3257
3258
3258
3259
3260
3260
3261
3261
3262
3262
3265
3265
3267
3269
3270
3272
3272
3273
3273
3274
3274
3275
3275
3276
3278
3279
3280
3280
3280
3281
3282
3282
3283
3284
3284
3284
3285
3286
3286
3286
3287
3287
3287
3288
3288
3289
3290
3292
3292
3292
3293
3296
3297
3298
3298
3298
3298
3299
3301
3301
3301
3302
3303
3303
3305
3305
3305
3306
3306
3306
3307
3308
3310
3311
3312
3312
3313
3316
3317
3317
3319
3320
3320
3321
3323
3326
3326
3326
3328
3330
3331
3332
3332
3332
3332
3332
3333
3337
3339
3340
3341
3342
3342
3342
3343
3344
3344
3345
3345
3347
3347
3348
3350
3350
3351
3352
3352
3352
3352
3353
3354
3354
3356
3356
3356
3357
3357
3357
3358
3359
3361
3362
3364
3365
3367
3368
3370
3371
3371
3372
3373
3375
3377
3379
3380
3381
3382
3384
3385
3385
3387
3388
3390
3390
3391
3391
3391
3394
3394
3395
3397
3397
3398
3399
3400
3401
3403
3404
3412
3412
3412
3413
3414
3414
3414
3415
3415
3416
3416
3416
3417
3419
3420
3422
3424
3426
3428
3428
3431
3431
3433
3433
3434
3435
3435
3436
3442
3442
3442
3442
3443
3445
3446
3447
3448
3448
3449
3450
3450
3450
3451
3451
3452
3453
3453
3454
3455
3456
3456
3457
3458
3459
3459
3460
3461
3463
3464
3465
3466
3467
3470
3473
3475
3479
3480
3481
3481
3482
3483
3484
3485
3486
3486
3487
3488
3490
3490
3491
3492
3494
3495
3495
3495
3497
3497
3499
3500
3502
3503
3503
3503
3504
3505
3506
3507
3507
3508
3508
3508
3509
3510
3511
3512
3514
3514
3515
3516
3517
3517
3517
3519
3520
3520
3523
3523
3525
3526
3528
3528
3530
3530
3531
3536
3537
3538
3538
3539
3540
3541
3543
3544
3546
3546
3546
3548
3549
3551
3551
3551
3553
3554
3554
3555
3558
3560
3562
3563
3565
3567
3568
3568
3569
3570
3572
3573
3573
3574
3576
3576
3578
3579
3580
3580
3581
3582
3582
3582
3583
3583
3584
3584
3585
3588
3590
3592
3593
3593
3594
3594
3596
3599
3600
3600
3601
3605
3607
3608
3609
3611
3612
3612
3612
3613
3613
3616
3616
3617
3617
3618
3618
3619
3619
3620
3621
3622
3622
3622
3624
3626
3627
3629
3629
3630
3630
3632
3633
3639
3639
3642
3643
3649
3649
3649
3649
3649
3649
3650
3650
3651
3652
3652
3652
3652
3655
3656
3656
3658
3658
3659
3659
3659
3659
3660
3663
3664
3664
3666
3667
3668
3669
3670
3671
3673
3673
3673
3674
3676
3678
3679
3681
3681
3681
3682
3682
3683
3683
3688
3692
3692
3692
3693
3693
3694
3694
3695
3695
3695
3695
3698
3700
3701
3701
3702
3703
3704
3704
3704
3704
3705
3706
3706
3707
3707
3709
3709
3710
3710
3712
3713
3714
3715
3715
3716
3718
3720
3722
3722
3722
3723
3723
3725
3725
3726
3728
3730
3734
3734
3734
3735
3735
3735
3737
3737
3737
3738
3738
3739
3740
3743
3744
3750
3753
3755
3757
3759
3759
3760
3760
3761
3762
3762
3764
3765
3765
3765
3767
3767
3768
3770
3770
3771
3771
3775
3775
3776
3777
3777
3778
3779
3779
3781
3781
3782
3783
3783
3783
3783
3784
3785
3785
3786
3786
3786
3787
3788
3792
3794
3796
3796
3796
3797
3799
3800
3801
3802
3802
3803
3804
3807
3807
3810
3811
3812
3814
3817
3817
3818
3818
3819
3821
3823
3824
3826
3826
3826
3828
3829
3829
3830
3832
3832
3833
3834
3836
3836
3837
3837
3837
3838
3840
3840
3842
3843
3843
3843
3844
3845
3846
3847
3848
3850
3850
3851
3851
3851
3852
3853
3853
3854
3856
3857
3860
3862
3862
3862
3865
3865
3866
3867
3867
3867
3868
3869
3869
3870
3871
3871
3871
3871
3872
3873
3874
3875
3875
3875
3876
3879
3880
3880
3882
3883
3884
3885
3885
3886
3889
3893
3894
3896
3896
3896
3898
3898
3899
3901
3902
3903
3904
3906
3907
3908
3908
3910
3910
3912
3912
3913
3916
3916
3917
3920
3921
3922
3922
3924
3924
3924
3924
3925
3925
3926
3927
3927
3928
3928
3929
3931
3931
3932
3932
3933
3933
3934
3936
3940
3941
3943
3949
3949
3951
3952
3952
3952
3953
3954
3957
3958
3959
3959
3961
3963
3964
3964
3965
3968
3968
3969
3970
3970
3970
3971
3971
3972
3973
3974
3974
3975
3976
3976
3977
3977
3979
3979
3979
3979
3980
3981
3984
3985
3985
3987
3988
3993
3994
3994
3994
3995
3995
3995
3998
3998
3998
3999
3999
4000
4001
4002
4003
4005
4006
4006
4006
4008
4008
4010
4013
4013
4016
4017
4018
4018
4019
4019
4025
4026
4026
4029
4029
4029
4030
4031
4033
4033
4037
4039
4039
4041
4041
4044
4044
4045
4046
4047
4050
4051
4051
4051
4052
4053
4054
4054
4056
4056
4056
4056
4057
4057
4059
4061
4063
4064
4066
4066
4066
4067
4068
4069
4070
4072
4072
4074
4074
4075
4075
4075
4076
4076
4077
4080
4081
4087
4088
4088
4089
4092
4095
4097
4102
4103
4104
4104
4105
4105
4106
4108
4109
4111
4112
4113
4113
4113
4114
4114
4115
4117
4117
4118
4119
4119
4120
4121
4124
4127
4128
4131
4131
4131
4132
4132
4134
4138
4138
4140
4144
4144
4144
4144
4145
4147
4147
4148
4149
4149
4149
4149
4150
4152
4152
4152
4153
4153
4153
4154
4154
4154
4155
4157
4159
4160
4162
4162
4162
4162
4163
4164
4164
4164
4164
4165
4165
4165
4167
4167
4167
4167
4167
4168
4170
4170
4171
4171
4171
4172
4174
4178
4179
4180
4181
4182
4182
4183
4183
4186
4189
4190
4192
4192
4193
4197
4197
4197
4198
4199
4199
4200
4201
4202
4203
4204
4205
4205
4207
4207
4208
4208
4209
4210
4211
4213
4213
4217
4217
4219
4223
4225
4225
4226
4226
4227
4227
4228
4230
4230
4230
4233
4233
4233
4233
4233
4235
4236
4239
4239
4240
4242
4243
4244
4249
4250
4250
4251
4251
4253
4254
4256
4257
4257
4257
4257
4259
4259
4259
4260
4261
4261
4263
4265
4265
4266
4267
4267
4268
4269
4269
4271
4271
4271
4271
4272
4274
4274
4275
4276
4276
4276
4277
4279
4279
4279
4282
4283
4284
4284
4285
4288
4290
4291
4292
4294
4295
4296
4297
4304
4306
4311
4311
4313
4314
4314
4316
4316
4317
4318
4318
4319
4319
4320
4323
4324
4324
4324
4325
4325
4326
4327
4327
4328
4329
4329
4330
4330
4333
4333
4334
4335
4336
4337
4337
4338
4338
4339
4340
4343
4343
4345
4346
4346
4346
4348
4350
4351
4352
4354
4355
4356
4357
4358
4359
4363
4364
4364
4364
4365
4366
4366
4367
4367
4369
4370
4372
4372
4375
4376
4377
4379
4380
4382
4382
4386
4386
4387
4387
4388
4388
4388
4389
4391
4391
4392
4392
4393
4393
4393
4394
4394
4394
4394
4394
4395
4395
4395
4399
4401
4402
4405
4405
4406
4407
4408
4410
4411
4412
4414
4417
4420
4420
4420
4420
4420
4421
4422
4423
4424
4425
4426
4426
4431
4434
4434
4434
4434
4435
4436
4436
4437
4437
4438
4440
4440
4441
4442
4443
4445
4445
4449
4449
4449
4450
4452
4457
4458
4459
4460
4462
4462
4462
4465
4466
4468
4468
4469
4469
4470
4470
4470
4471
4473
4475
4475
4477
4477
4479
4480
4482
4482
4484
4485
4486
4486
4487
4487
4491
4493
4493
4493
4494
4498
4501
4501
4501
4503
4503
4505
4506
4507
4509
4509
4509
4510
4511
4511
4511
4511
4512
4513
4514
4515
4515
4516
4519
4520
4521
4521
4522
4525
4525
4526
4526
4528
4530
4530
4530
4530
4531
4531
4531
4532
4533
4536
4538
4538
4539
4539
4540
4540
4540
4542
4542
4545
4545
4547
4548
4548
4550
4550
4550
4550
4551
4553
4556
4556
4556
4558
4560
4563
4564
4565
4565
4566
4570
4571
4571
4571
4571
4573
4575
4577
4577
4577
4578
4580
4580
4581
4581
4581
4582
4583
4584
4584
4585
4585
4586
4586
4587
4587
4587
4589
4589
4589
4590
4591
4594
4595
4596
4596
4598
4598
4600
4601
4602
4602
4604
4604
4604
4607
4607
4612
4613
4614
4619
4619
4622
4624
4624
4625
4625
4625
4627
4627
4630
4630
4631
4632
4635
4635
4636
4636
4636
4636
4638
4639
4640
4640
4640
4641
4641
4642
4643
4644
4647
4647
4648
4649
4653
4654
4655
4655
4657
4658
4658
4658
4660
4661
4662
4663
4664
4665
4665
4666
4666
4667
4668
4670
4670
4671
4674
4676
4676
4677
4679
4680
4680
4682
4682
4682
4685
4686
4686
4686
4688
4688
4688
4689
4693
4693
4693
4694
4694
4694
4695
4697
4698
4699
4700
4700
4700
4701
4701
4702
4704
4706
4706
4707
4707
4708
4709
4710
4710
4713
4714
4715
4723
4724
4724
4726
4726
4727
4728
4730
4730
4730
4731
4731
4733
4735
4738
4739
4739
4740
4741
4745
4746
4746
4747
4747
4748
4751
4752
4753
4754
4757
4758
4759
4761
4761
4762
4762
4762
4768
4771
4771
4771
4776
4778
4778
4780
4781
4781
4782
4782
4782
4784
4784
4785
4785
4785
4787
4788
4790
4792
4792
4793
4794
4794
4795
4796
4797
4797
4798
4800
4801
4801
4802
4802
4803
4803
4803
4806
4807
4812
4814
4814
4820
4821
4822
4825
4826
4826
4827
4828
4829
4831
4831
4835
4836
4838
4838
4839
4840
4843
4843
4844
4845
4846
4847
4847
4848
4848
4849
4849
4851
4851
4852
4854
4855
4857
4859
4860
4860
4861
4862
4863
4863
4864
4865
4866
4866
4867
4869
4869
4873
4874
4877
4877
4878
4878
4878
4879
4879
4879
4880
4881
4881
4882
4882
4882
4884
4886
4886
4890
4892
4893
4894
4895
4896
4896
4897
4898
4898
4902
4903
4906
4907
4908
4908
4910
4911
4912
4912
4912
4913
4915
4916
4920
4923
4924
4924
4925
4925
4926
4928
4928
4929
4929
4930
4930
4931
4933
4933
4934
4935
4937
4938
4940
4943
4945
4946
4948
4948
4950
4954
4956
4957
4957
4961
4961
4962
4963
4966
4970
4970
4970
4971
4972
4973
4974
4974
4974
4975
4975
4976
4977
4980
4982
4985
4986
4986
4987
4987
4988
4989
4989
4990
4992
4992
4994
4994
4996
4997
4997
4998
4998
5000
5001
5004
5005
5005
5005
5009
5009
5011
5012
5012
5013
5013
5014
5016
5017
5017
5018
5019
5020
5021
5022
5024
5025
5028
5028
5030
5030
5031
5031
5032
5034
5034
5036
5038
5039
5039
5039
5041
5041
5043
5043
5044
5045
5045
5046
5046
5048
5048
5048
5050
5051
5053
5054
5056
5057
5057
5058
5058
5059
5060
5061
5061
5062
5063
5064
5064
5065
5066
5068
5068
5069
5071
5073
5073
5075
5075
5075
5075
5076
5078
5084
5085
5086
5087
5087
5087
5087
5088
5091
5093
5094
5094
5096
5097
5098
5098
5100
5100
5104
5106
5107
5108
5110
5110
5110
5110
5112
5113
5113
5114
5115
5117
5118
5120
5123
5125
5125
5126
5127
5130
5132
5132
5134
5136
5138
5138
5140
5141
5141
5144
5146
5146
5146
5146
5146
5148
5150
5150
5151
5153
5154
5156
5156
5160
5160
5160
5162
5163
5164
5165
5166
5167
5168
5168
5171
5172
5173
5173
5174
5176
5178
5178
5179
5180
5180
5180
5180
5180
5181
5182
5183
5183
5184
5185
5186
5186
5186
5188
5188
5192
5193
5195
5197
5197
5198
5199
5200
5201
5203
5205
5205
5206
5207
5207
5209
5210
5210
5211
5212
5213
5213
5213
5214
5214
5215
5215
5216
5217
5217
5218
5218
5219
5221
5221
5222
5222
5222
5223
5224
5224
5225
5228
5229
5229
5230
5230
5231
5231
5231
5232
5232
5233
5233
5233
5235
5236
5237
5237
5238
5239
5239
5240
5240
5241
5241
5241
5243
5243
5247
5249
5249
5250
5250
5251
5251
5251
5251
5252
5255
5256
5257
5257
5258
5258
5260
5261
5261
5263
5264
5264
5267
5268
5269
5270
5270
5271
5271
5271
5271
5272
5272
5272
5274
5274
5274
5275
5277
5277
5278
5279
5280
5281
5281
5282
5283
5285
5285
5288
5288
5288
5289
5290
5290
5291
5294
5295
5295
5299
5300
5302
5302
5302
5303
5304
5304
5305
5305
5305
5307
5308
5309
5309
5310
5310
5311
5311
5311
5312
5312
5314
5315
5317
5317
5318
5321
5323
5324
5325
5327
5327
5327
5329
5329
5332
5336
5336
5336
5337
5337
5338
5341
5341
5342
5342
5344
5344
5345
5346
5347
5347
5347
5348
5348
5349
5349
5350
5351
5351
5351
5351
5352
5353
5353
5354
5356
5356
5357
5358
5358
5359
5360
5360
5361
5361
5361
5361
5362
5364
5365
5365
5365
5366
5366
5367
5368
5370
5370
5371
5376
5377
5378
5379
5379
5381
5381
5382
5384
5384
5384
5386
5387
5387
5388
5388
5388
5391
5393
5396
5397
5400
5401
5402
5403
5405
5412
5413
5414
5414
5415
5415
5416
5418
5419
5420
5420
5420
5423
5424
5424
5430
5430
5430
5430
5431
5431
5431
5432
5435
5435
5437
5438
5439
5439
5442
5443
5444
5445
5445
5447
5449
5449
5450
5451
5451
5452
5453
5453
5453
5454
5455
5456
5456
5458
5459
5460
5460
5463
5463
5465
5466
5468
5468
5468
5469
5469
5472
5474
5474
5475
5475
5476
5476
5478
5478
5479
5481
5482
5483
5484
5484
5485
5486
5487
5488
5488
5488
5491
5491
5493
5493
5494
5494
5495
5496
5496
5497
5497
5498
5498
5498
5500
5501
5502
5503
5503
5504
5504
5505
5505
5508
5508
5508
5508
5509
5509
5513
5513
5513
5513
5514
5515
5516
5519
5520
5522
5523
5523
5524
5524
5525
5525
5525
5526
5527
5528
5528
5529
5530
5531
5532
5533
5534
5535
5535
5535
5536
5538
5539
5539
5543
5546
5546
5546
5546
5547
5547
5549
5549
5550
5551
5553
5553
5554
5556
5557
5558
5558
5561
5562
5562
5565
5565
5566
5568
5568
5569
5569
5570
5576
5576
5577
5578
5578
5578
5579
5580
5581
5581
5581
5583
5583
5584
5584
5585
5588
5589
5590
5590
5592
5593
5593
5595
5595
5596
5596
5596
5598
5598
5600
5600
5600
5601
5604
5605
5605
5605
5605
5606
5606
5607
5607
5608
5608
5609
5609
5610
5611
5612
5614
5615
5617
5619
5619
5619
5620
5620
5624
5624
5627
5627
5627
5630
5633
5635
5635
5637
5639
5639
5641
5642
5643
5643
5644
5644
5644
5644
5644
5646
5646
5647
5647
5648
5648
5648
5649
5649
5650
5653
5654
5654
5656
5657
5657
5657
5658
5660
5662
5662
5663
5664
5664
5665
5665
5667
5667
5667
5668
5669
5670
5670
5677
5677
5679
5679
5679
5684
5685
5687
5687
5691
5691
5692
5693
5694
5695
5695
5698
5699
5699
5700
5700
5701
5701
5701
5702
5702
5705
5705
5706
5707
5709
5710
5710
5710
5711
5711
5711
5713
5713
5714
5714
5715
5716
5718
5720
5722
5724
5725
5725
5727
5727
5730
5730
5731
5731
5731
5732
5733
5734
5734
5735
5735
5735
5738
5738
5738
5738
5740
5741
5745
5745
5746
5746
5748
5748
5749
5750
5751
5751
5752
5752
5753
5754
5754
5755
5755
5756
5757
5757
5758
5758
5761
5762
5764
5764
5765
5765
5766
5767
5768
5768
5768
5769
5769
5770
5774
5775
5775
5776
5776
5777
5777
5778
5779
5782
5782
5786
5787
5788
5789
5789
5791
5791
5791
5792
5793
5793
5793
5793
5794
5795
5796
5797
5797
5799
5799
5799
5799
5800
5800
5800
5804
5804
5810
5810
5811
5811
5812
5813
5813
5814
5815
5815
5815
5816
5818
5818
5818
5819
5821
5822
5824
5825
5827
5828
5831
5831
5832
5833
5834
5838
5839
5839
5840
5841
5841
5842
5843
5844
5846
5847
5847
5848
5848
5850
5852
5852
5853
5855
5855
5858
5859
5860
5860
5861
5862
5862
5863
5863
5863
5864
5865
5865
5867
5868
5868
5869
5870
5874
5876
5877
5878
5879
5880
5882
5884
5884
5885
5887
5888
5890
5890
5891
5891
5891
5892
5893
5894
5895
5898
5898
5899
5900
5901
5902
5902
5902
5903
5904
5904
5905
5906
5908
5910
5911
5911
5912
5912
5913
5913
5914
5914
5915
5915
5916
5916
5916
5917
5917
5920
5920
5921
5922
5922
5922
5923
5926
5929
5930
5930
5931
5932
5932
5933
5934
5934
5934
5934
5936
5937
5937
5939
5940
5940
5941
5941
5942
5942
5943
5944
5947
5948
5950
5951
5951
5953
5954
5955
5958
5958
5958
5958
5959
5960
5960
5962
5963
5963
5963
5964
5968
5968
5969
5969
5969
5971
5972
5973
5976
5976
5977
5977
5978
5982
5982
5983
5984
5986
5986
5988
5989
5990
5991
5993
5995
5998
5998
5998
5999
5999
6002
6007
6007
6009
6009
6012
6013
6013
6013
6014
6014
6014
6015
6017
6017
6018
6020
6022
6023
6023
6024
6024
6026
6026
6028
6028
6029
6030
6030
6031
6032
6033
6034
6034
6036
6036
6037
6037
6037
6040
6043
6044
6044
6046
6047
6049
6050
6050
6052
6052
6053
6055
6061
6063
6065
6065
6067
6068
6069
6069
6070
6071
6072
6072
6073
6073
6076
6077
6077
6077
6078
6080
6080
6081
6081
6081
6084
6084
6085
6085
6086
6086
6087
6087
6089
6089
6089
6089
6090
6092
6092
6092
6093
6094
6095
6096
6098
6099
6102
6102
6102
6102
6103
6105
6106
6107
6108
6108
6111
6112
6114
6114
6115
6116
6117
6118
6119
6121
6121
6121
6121
6122
6123
6123
6124
6124
6124
6124
6124
6128
6129
6131
6132
6132
6134
6134
6136
6137
6139
6139
6139
6140
6140
6140
6142
6143
6145
6146
6148
6148
6148
6149
6149
6151
6152
6153
6154
6155
6159
6159
6159
6159
6162
6163
6164
6165
6167
6168
6169
6171
6172
6173
6173
6179
6179
6180
6180
6182
6182
6183
6183
6183
6184
6185
6185
6187
6187
6187
6188
6188
6189
6192
6192
6192
6194
6196
6196
6197
6197
6200
6200
6201
6201
6201
6203
6204
6204
6206
6206
6206
6208
6208
6209
6209
6210
6210
6211
6211
6211
6212
6212
6212
6213
6216
6216
6218
6218
6219
6219
6221
6223
6225
6227
6228
6228
6228
6229
6232
6233
6233
6233
6234
6235
6236
6237
6239
6240
6242
6244
6244
6246
6247
6248
6249
6249
6249
6249
6254
6255
6255
6257
6259
6261
6261
6264
6264
6264
6265
6268
6268
6268
6268
6270
6271
6272
6273
6273
6274
6275
6275
6276
6276
6276
6276
6277
6278
6280
6281
6282
6284
6286
6287
6290
6290
6292
6292
6294
6294
6297
6298
6298
6298
6301
6301
6304
6305
6305
6306
6306
6307
6308
6310
6310
6311
6311
6312
6315
6316
6317
6318
6318
6319
6319
6319
6322
6322
6323
6324
6324
6324
6325
6326
6327
6329
6330
6331
6332
6333
6334
6334
6334
6335
6335
6338
6338
6340
6346
6346
6347
6348
6349
6350
6350
6351
6351
6351
6353
6355
6356
6356
6356
6358
6359
6360
6360
6360
6361
6361
6362
6364
6364
6365
6366
6367
6367
6369
6369
6369
6371
6378
6383
6384
6385
6385
6385
6386
6387
6389
6390
6391
6391
6393
6393
6394
6394
6395
6395
6396
6397
6397
6397
6398
6399
6400
6400
6401
6402
6403
6403
6403
6403
6405
6405
6409
6410
6410
6411
6412
6413
6414
6414
6415
6416
6417
6420
6422
6422
6423
6424
6425
6426
6427
6428
6428
6428
6429
6430
6430
6431
6431
6431
6432
6433
6433
6434
6434
6435
6437
6438
6438
6439
6440
6440
6442
6445
6445
6446
6450
6450
6451
6452
6452
6453
6453
6456
6458
6460
6460
6463
6463
6464
6464
6465
6465
6468
6468
6469
6469
6470
6470
6470
6471
6471
6472
6472
6472
6473
6473
6474
6475
6475
6478
6478
6478
6484
6484
6486
6486
6486
6487
6491
6491
6493
6493
6494
6495
6496
6496
6499
6500
6501
6501
6503
6506
6507
6507
6508
6510
6511
6511
6511
6511
6512
6512
6513
6514
6514
6515
6515
6515
6518
6518
6519
6519
6520
6520
6521
6521
6524
6525
6525
6527
6527
6528
6528
6529
6529
6529
6529
6529
6530
6533
6537
6537
6539
6540
6541
6541
6541
6542
6542
6544
6545
6548
6549
6551
6552
6552
6554
6555
6555
6556
6556
6557
6559
6559
6559
6559
6560
6562
6562
6563
6565
6565
6567
6568
6568
6569
6569
6570
6570
6571
6572
6574
6575
6576
6576
6576
6577
6577
6578
6579
6584
6587
6588
6588
6589
6591
6591
6592
6593
6594
6595
6597
6597
6597
6599
6599
6606
6606
6608
6609
6612
6612
6613
6617
6617
6619
6619
6619
6620
6620
6622
6624
6624
6625
6625
6626
6626
6626
6629
6630
6630
6630
6630
6631
6631
6632
6633
6633
6633
6636
6636
6640
6642
6642
6643
6645
6646
6646
6647
6649
6650
6650
6651
6651
6651
6651
6652
6653
6653
6655
6656
6657
6658
6659
6659
6659
6660
6663
6664
6665
6666
6667
6668
6668
6668
6669
6671
6675
6675
6676
6677
6677
6678
6679
6681
6683
6684
6685
6687
6687
6688
6688
6688
6689
6689
6689
6690
6691
6691
6693
6693
6694
6696
6696
6696
6697
6697
6700
6702
6703
6703
6704
6705
6705
6707
6708
6708
6709
6709
6711
6713
6713
6713
6715
6716
6718
6718
6720
6721
6722
6722
6722
6725
6729
6730
6732
6732
6734
6734
6734
6738
6738
6740
6740
6741
6742
6744
6744
6744
6746
6746
6747
6749
6750
6751
6753
6753
6756
6756
6757
6757
6762
6763
6765
6765
6767
6767
6768
6768
6770
6771
6771
6773
6774
6776
6777
6778
6778
6778
6779
6780
6782
6783
6785
6787
6788
6788
6789
6789
6791
6792
6793
6793
6793
6795
6796
6798
6799
6799
6799
6800
6801
6803
6805
6805
6805
6805
6806
6807
6807
6808
6808
6809
6809
6810
6810
6810
6811
6811
6813
6814
6815
6817
6817
6818
6819
6819
6823
6824
6824
6824
6826
6827
6827
6828
6828
6829
6829
6829
6829
6829
6832
6833
6836
6837
6837
6838
6838
6838
6839
6840
6840
6841
6841
6842
6842
6844
6844
6844
6845
6849
6850
6850
6850
6853
6854
6855
6855
6856
6859
6861
6861
6861
6861
6863
6864
6864
6866
6867
6868
6869
6870
6870
6871
6871
6872
6872
6873
6874
6876
6876
6878
6878
6879
6879
6880
6880
6880
6882
6883
6884
6886
6887
6887
6888
6890
6897
6898
6898
6899
6899
6901
6902
6904
6905
6906
6908
6909
6910
6910
6910
6911
6912
6917
6918
6918
6920
6921
6921
6923
6924
6926
6928
6928
6929
6929
6929
6930
6930
6931
6931
6932
6933
6933
6934
6934
6935
6935
6935
6935
6938
6938
6942
6944
6945
6945
6946
6946
6946
6947
6953
6955
6955
6955
6955
6956
6956
6957
6959
6960
6960
6962
6963
6963
6964
6964
6967
6967
6969
6970
6971
6971
6972
6972
6974
6975
6976
6977
6979
6982
6983
6984
6988
6989
6990
6991
6991
6992
6992
6992
6992
6993
6995
6996
6997
6998
6998
6999
6999
7002
7003
7004
7004
7005
7006
7006
7008
7009
7009
7011
7011
7016
7018
7019
7019
7019
7019
7019
7020
7021
7025
7029
7030
7032
7035
7035
7035
7037
7038
7039
7040
7041
7044
7045
7045
7046
7047
7047
7047
7048
7049
7049
7049
7050
7052
7052
7052
7053
7053
7055
7056
7057
7058
7059
7059
7061
7061
7064
7064
7065
7065
7066
7066
7069
7070
7071
7072
7073
7074
7074
7075
7076
7078
7081
7081
7084
7085
7085
7087
7088
7090
7090
7091
7091
7092
7092
7093
7094
7094
7094
7095
7097
7097
7100
7101
7101
7102
7102
7102
7103
7104
7104
7105
7105
7107
7109
7110
7112
7113
7117
7118
7120
7125
7126
7127
7128
7128
7129
7130
7134
7134
7134
7135
7139
7142
7143
7143
7144
7145
7146
7148
7148
7148
7149
7149
7149
7150
7150
7150
7153
7154
7155
7158
7159
7159
7159
7160
7161
7162
7166
7166
7167
7167
7168
7169
7170
7171
7172
7174
7175
7175
7180
7184
7184
7186
7186
7186
7186
7187
7187
7189
7189
7189
7191
7192
7193
7194
7195
7197
7200
7200
7203
7204
7204
7206
7207
7207
7207
7208
7209
7210
7211
7212
7216
7216
7216
7217
7218
7219
7222
7222
7222
7223
7223
7223
7224
7224
7225
7227
7228
7229
7229
7231
7232
7233
7234
7235
7240
7240
7241
7241
7242
7243
7243
7243
7246
7247
7248
7248
7252
7253
7255
7255
7256
7256
7256
7258
7259
7260
7263
7264
7264
7265
7265
7265
7266
7270
7271
7272
7273
7274
7275
7278
7279
7281
7281
7282
7283
7284
7284
7285
7286
7286
7287
7287
7288
7288
7291
7292
7294
7294
7296
7297
7298
7300
7301
7302
7303
7303
7304
7306
7306
7306
7308
7309
7312
7313
7315
7315
7315
7316
7316
7316
7318
7319
7321
7322
7324
7326
7329
7330
7330
7331
7331
7331
7331
7334
7337
7337
7339
7341
7341
7344
7345
7347
7348
7349
7350
7350
7351
7351
7353
7353
7353
7354
7356
7356
7357
7357
7357
7359
7362
7362
7365
7365
7366
7366
7366
7368
7370
7371
7372
7372
7373
7373
7374
7374
7375
7377
7378
7380
7380
7382
7383
7383
7383
7384
7385
7387
7391
7391
7391
7392
7395
7398
7399
7399
7400
7400
7401
7401
7401
7402
7403
7403
7405
7405
7405
7406
7408
7409
7410
7410
7413
7414
7417
7417
7418
7420
7421
7422
7423
7424
7425
7426
7428
7428
7429
7429
7429
7430
7431
7434
7435
7436
7436
7437
7437
7437
7437
7438
7439
7439
7439
7440
7440
7440
7440
7441
7442
7442
7445
7448
7448
7450
7453
7454
7454
7454
7455
7457
7457
7457
7458
7459
7460
7460
7462
7463
7463
7464
7464
7464
7466
7466
7468
7471
7471
7474
7475
7475
7476
7477
7478
7481
7481
7482
7483
7485
7486
7486
7487
7489
7489
7490
7492
7492
7492
7492
7495
7495
7496
7496
7497
7498
7498
7501
7502
7503
7504
7504
7504
7505
7505
7505
7506
7506
7507
7510
7510
7510
7514
7515
7515
7517
7518
7519
7520
7521
7522
7522
7522
7523
7525
7525
7526
7527
7528
7529
7530
7531
7531
7533
7537
7538
7539
7543
7544
7545
7545
7546
7547
7547
7548
7549
7550
7550
7550
7551
7553
7555
7555
7555
7556
7556
7557
7557
7557
7557
7559
7561
7561
7561
7562
7562
7562
7564
7566
7569
7571
7571
7571
7572
7572
7573
7573
7574
7576
7576
7577
7577
7578
7578
7580
7581
7582
7582
7582
7583
7583
7586
7587
7587
7587
7588
7588
7589
7589
7593
7594
7596
7597
7598
7598
7598
7600
7601
7604
7604
7607
7608
7609
7609
7611
7613
7613
7614
7614
7617
7617
7617
7618
7619
7620
7620
7624
7626
7628
7629
7631
7631
7631
7632
7632
7632
7635
7636
7636
7639
7639
7640
7641
7641
7642
7644
7645
7646
7647
7647
7647
7648
7648
7649
7651
7652
7653
7656
7656
7658
7659
7661
7661
7661
7662
7662
7663
7664
7668
7668
7668
7670
7671
7674
7676
7676
7679
7679
7680
7680
7682
7683
7684
7685
7685
7686
7691
7691
7693
7696
7698
7698
7701
7706
7707
7707
7708
7709
7710
7711
7712
7715
7715
7715
7715
7717
7719
7720
7720
7721
7723
7724
7726
7727
7728
7729
7730
7733
7734
7734
7736
7741
7745
7745
7747
7750
7750
7750
7751
7754
7757
7758
7759
7760
7763
7764
7765
7765
7766
7768
7769
7773
7774
7775
7777
7778
7778
7778
7778
7778
7779
7780
7781
7782
7782
7782
7785
7785
7785
7786
7788
7788
7788
7788
7790
7791
7791
7793
7797
7797
7798
7798
7798
7799
7800
7804
7804
7804
7804
7805
7805
7807
7808
7809
7810
7810
7811
7811
7812
7814
7815
7815
7817
7817
7818
7818
7819
7820
7822
7822
7822
7823
7823
7825
7826
7827
7829
7829
7830
7831
7831
7832
7832
7832
7834
7836
7838
7839
7843
7844
7847
7851
7851
7852
7853
7854
7855
7855
7856
7856
7856
7857
7858
7858
7859
7859
7861
7862
7862
7864
7867
7869
7871
7872
7872
7873
7873
7874
7874
7875
7875
7878
7883
7884
7884
7885
7886
7887
7889
7889
7891
7891
7892
7892
7893
7894
7895
7895
7898
7898
7899
7899
7899
7900
7902
7902
7902
7902
7903
7904
7906
7906
7907
7907
7907
7907
7909
7910
7911
7912
7914
7915
7916
7917
7918
7918
7919
7920
7920
7922
7922
7923
7924
7924
7925
7927
7927
7928
7928
7929
7930
7933
7934
7934
7935
7935
7935
7935
7938
7939
7940
7940
7942
7943
7944
7944
7945
7945
7946
7947
7948
7950
7950
7952
7953
7954
7956
7959
7961
7962
7962
7962
7963
7965
7965
7966
7967
7968
7968
7969
7970
7970
7970
7970
7971
7971
7972
7972
7972
7972
7974
7974
7977
7978
7978
7978
7979
7979
7979
7979
7980
7982
7982
7984
7985
7986
7987
7990
7993
7995
7996
7996
7997
7997
7999
7999
8000
8000
8001
8002
8002
8004
8005
8006
8006
8008
8008
8009
8009
8010
8011
8012
8013
8013
8014
8017
8018
8019
8021
8021
8021
8022
8022
8024
8024
8024
8026
8026
8026
8026
8027
8027
8029
8029
8032
8032
8033
8034
8034
8034
8034
8035
8036
8040
8040
8042
8042
8043
8043
8045
8046
8047
8048
8052
8052
8052
8054
8055
8058
8059
8060
8061
8064
8069
8069
8070
8071
8073
8074
8075
8075
8076
8077
8079
8079
8079
8080
8080
8082
8082
8083
8084
8085
8085
8086
8087
8087
8090
8090
8090
8090
8092
8093
8093
8094
8095
8096
8098
8098
8098
8100
8101
8102
8102
8105
8106
8107
8107
8107
8107
8109
8112
8112
8112
8113
8115
8115
8116
8117
8119
8119
8121
8123
8123
8123
8125
8125
8126
8129
8129
8130
8131
8132
8133
8134
8135
8135
8136
8136
8137
8137
8138
8140
8140
8141
8142
8142
8143
8143
8144
8144
8145
8145
8145
8146
8147
8147
8149
8151
8151
8153
8158
8158
8159
8160
8163
8164
8167
8169
8170
8170
8171
8172
8172
8173
8173
8173
8175
8178
8179
8179
8182
8182
8184
8185
8187
8188
8190
8190
8192
8199
8200
8201
8202
8202
8203
8203
8204
8204
8204
8204
8205
8207
8211
8211
8218
8219
8220
8222
8225
8227
8228
8233
8234
8234
8237
8238
8239
8240
8241
8244
8244
8244
8245
8245
8247
8248
8249
8250
8250
8250
8251
8251
8252
8254
8255
8255
8255
8257
8258
8259
8259
8260
8261
8261
8265
8267
8267
8268
8268
8268
8268
8269
8269
8270
8270
8271
8274
8275
8276
8276
8278
8279
8279
8280
8280
8280
8280
8281
8283
8283
8284
8285
8285
8287
8287
8289
8290
8290
8290
8290
8292
8292
8296
8297
8297
8299
8299
8300
8300
8300
8303
8304
8307
8308
8308
8309
8311
8312
8315
8321
8321
8321
8323
8324
8324
8328
8330
8330
8330
8332
8332
8333
8334
8334
8336
8337
8337
8338
8339
8339
8341
8342
8344
8347
8348
8351
8351
8351
8353
8353
8354
8354
8358
8359
8363
8363
8363
8364
8365
8366
8366
8366
8369
8369
8370
8371
8372
8372
8373
8373
8374
8380
8380
8381
8381
8382
8382
8383
8389
8392
8393
8395
8400
8400
8400
8403
8404
8404
8405
8406
8406
8408
8409
8410
8410
8410
8412
8413
8414
8415
8416
8417
8417
8419
8420
8420
8420
8421
8422
8423
8423
8425
8425
8428
8428
8430
8430
8430
8431
8432
8434
8435
8436
8438
8438
8438
8440
8440
8441
8441
8444
8445
8447
8447
8448
8448
8448
8451
8452
8454
8455
8455
8455
8457
8458
8462
8462
8463
8463
8467
8469
8469
8470
8471
8471
8471
8471
8473
8473
8477
8477
8477
8477
8477
8479
8481
8481
8482
8484
8487
8488
8490
8492
8493
8494
8495
8496
8496
8497
8497
8498
8498
8498
8501
8501
8503
8504
8505
8505
8505
8508
8513
8514
8515
8518
8518
8518
8520
8520
8520
8521
8522
8522
8523
8523
8523
8523
8523
8524
8524
8525
8526
8528
8532
8533
8536
8536
8537
8537
8538
8539
8540
8540
8543
8546
8547
8550
8551
8552
8553
8553
8554
8555
8556
8556
8557
8559
8560
8560
8562
8563
8563
8568
8569
8570
8571
8571
8576
8576
8577
8579
8580
8581
8581
8582
8583
8584
8584
8585
8586
8586
8588
8589
8590
8590
8590
8591
8592
8593
8593
8593
8594
8594
8596
8596
8597
8597
8597
8598
8598
8600
8600
8605
8605
8608
8608
8610
8611
8612
8612
8614
8614
8614
8615
8616
8617
8617
8618
8619
8620
8623
8623
8624
8627
8627
8629
8631
8631
8631
8631
8632
8634
8634
8636
8637
8637
8638
8639
8639
8640
8640
8641
8641
8641
8641
8642
8643
8643
8644
8644
8644
8644
8645
8646
8646
8648
8648
8648
8648
8649
8650
8651
8654
8655
8656
8656
8657
8657
8660
8660
8660
8662
8664
8666
8666
8667
8667
8668
8669
8669
8669
8674
8674
8675
8676
8676
8678
8678
8679
8680
8680
8681
8682
8682
8682
8684
8685
8685
8687
8687
8688
8688
8693
8693
8695
8696
8696
8697
8697
8698
8698
8700
8700
8701
8706
8706
8706
8707
8707
8708
8708
8708
8709
8709
8709
8711
8714
8714
8715
8718
8718
8720
8722
8724
8726
8727
8727
8727
8729
8729
8731
8732
8733
8737
8738
8738
8739
8739
8740
8742
8742
8746
8746
8747
8748
8749
8749
8750
8751
8753
8755
8755
8755
8756
8756
8758
8759
8759
8760
8760
8762
8765
8770
8770
8772
8774
8775
8778
8779
8780
8780
8785
8786
8787
8789
8792
8792
8793
8794
8796
8797
8799
8801
8801
8803
8805
8807
8807
8808
8808
8808
8809
8809
8809
8811
8813
8813
8813
8813
8815
8816
8819
8820
8822
8822
8822
8823
8824
8826
8827
8828
8829
8829
8829
8830
8831
8832
8832
8832
8833
8834
8834
8835
8835
8836
8836
8837
8838
8838
8838
8839
8841
8841
8843
8844
8845
8846
8848
8848
8849
8849
8850
8851
8851
8851
8853
8855
8855
8855
8857
8857
8857
8858
8860
8861
8861
8861
8862
8863
8864
8864
8866
8867
8870
8871
8874
8874
8875
8876
8877
8877
8878
8878
8880
8881
8881
8882
8883
8883
8883
8883
8885
8885
8886
8896
8897
8898
8898
8898
8899
8899
8905
8910
8911
8912
8912
8912
8913
8917
8917
8917
8918
8920
8922
8923
8924
8925
8926
8926
8929
8929
8930
8932
8932
8934
8935
8936
8938
8938
8939
8943
8944
8945
8951
8952
8959
8960
8960
8960
8961
8962
8964
8965
8967
8967
8967
8968
8968
8968
8970
8972
8972
8973
8973
8974
8975
8976
8978
8979
8980
8982
8983
8983
8983
8985
8987
8987
8987
8991
8992
8993
8993
8994
8994
8996
8997
8997
8998
8998
8998
8999
8999
8999
9000
9001
9003
9005
9005
9007
9007
9008
9008
9013
9013
9014
9014
9015
9015
9016
9016
9018
9018
9018
9020
9022
9023
9024
9024
9024
9025
9025
9026
9028
9028
9029
9029
9030
9031
9032
9034
9034
9034
9035
9035
9036
9036
9041
9041
9044
9044
9048
9049
9049
9050
9050
9051
9053
9053
9055
9055
9055
9056
9056
9056
9057
9059
9061
9061
9062
9062
9063
9063
9063
9064
9065
9066
9066
9067
9067
9069
9070
9072
9073
9073
9073
9073
9075
9075
9076
9078
9079
9082
9083
9084
9085
9086
9087
9087
9087
9090
9092
9093
9094
9094
9094
9096
9096
9097
9097
9098
9098
9100
9101
9102
9102
9103
9106
9106
9109
9109
9109
9110
9111
9113
9115
9118
9118
9118
9121
9122
9125
9125
9126
9126
9128
9129
9129
9129
9130
9131
9133
9133
9134
9134
9135
9136
9137
9138
9138
9140
9143
9143
9146
9146
9146
9147
9147
9148
9149
9150
9151
9151
9151
9153
9160
9163
9163
9166
9167
9169
9169
9169
9172
9173
9174
9177
9181
9182
9183
9184
9184
9185
9187
9188
9189
9191
9191
9192
9193
9196
9197
9197
9197
9197
9200
9202
9202
9202
9204
9204
9204
9205
9205
9207
9208
9209
9209
9211
9212
9214
9214
9215
9216
9217
9220
9221
9222
9224
9224
9225
9227
9227
9228
9228
9228
9232
9232
9233
9233
9236
9236
9236
9237
9237
9239
9239
9240
9240
9241
9245
9245
9246
9247
9248
9249
9249
9249
9249
9250
9250
9250
9251
9252
9253
9254
9255
9255
9257
9257
9258
9259
9259
9259
9259
9261
9261
9262
9262
9263
9263
9264
9264
9266
9266
9268
9268
9269
9271
9272
9273
9274
9274
9275
9275
9275
9277
9279
9280
9281
9281
9281
9282
9282
9282
9282
9283
9283
9284
9285
9286
9286
9287
9288
9288
9288
9290
9290
9290
9297
9297
9297
9300
9301
9301
9302
9305
9306
9306
9306
9306
9307
9307
9308
9309
9310
9313
9314
9314
9318
9318
9319
9320
9321
9322
9322
9323
9324
9325
9325
9326
9327
9328
9329
9330
9332
9333
9333
9335
9335
9338
9339
9339
9339
9341
9341
9342
9343
9347
9347
9347
9349
9349
9350
9350
9354
9354
9355
9356
9356
9356
9357
9359
9359
9361
9362
9362
9362
9362
9363
9363
9364
9364
9365
9366
9367
9368
9369
9369
9370
9373
9374
9374
9375
9375
9377
9378
9382
9382
9383
9384
9384
9385
9385
9386
9387
9388
9388
9388
9390
9390
9392
9394
9395
9395
9395
9397
9398
9398
9399
9400
9404
9405
9405
9407
9407
9407
9408
9408
9408
9408
9410
9410
9411
9413
9419
9419
9419
9422
9422
9423
9428
9428
9429
9430
9430
9430
9431
9432
9433
9433
9434
9434
9436
9436
9439
9439
9441
9441
9441
9442
9443
9444
9446
9447
9448
9451
9452
9453
9453
9454
9456
9459
9459
9462
9463
9463
9466
9468
9470
9471
9471
9473
9473
9473
9475
9477
9477
9477
9478
9478
9478
9478
9479
9481
9481
9482
9482
9483
9485
9486
9488
9488
9488
9489
9489
9490
9490
9490
9490
9491
9493
9494
9494
9497
9497
9499
9502
9503
9503
9503
9505
9506
9506
9509
9510
9510
9511
9512
9512
9512
9514
9514
9514
9516
9517
9517
9518
9519
9520
9521
9523
9523
9525
9526
9527
9527
9528
9531
9532
9533
9535
9536
9537
9539
9539
9540
9540
9541
9542
9542
9543
9544
9545
9545
9546
9547
9551
9552
9552
9553
9553
9556
9558
9558
9558
9558
9561
9561
9561
9562
9566
9568
9569
9569
9572
9573
9573
9573
9573
9574
9575
9577
9578
9579
9580
9580
9583
9583
9584
9585
9585
9587
9587
9588
9589
9589
9589
9591
9592
9593
9593
9594
9595
9597
9597
9598
9598
9598
9599
9599
9600
9602
9603
9604
9604
9609
9609
9609
9611
9611
9611
9612
9613
9615
9615
9616
9617
9618
9619
9619
9622
9624
9624
9625
9625
9631
9632
9632
9632
9635
9637
9638
9638
9639
9640
9640
9640
9640
9641
9642
9645
9645
9645
9645
9646
9646
9649
9650
9651
9651
9651
9655
9655
9656
9656
9656
9656
9657
9659
9659
9659
9660
9662
9662
9662
9664
9664
9664
9666
9666
9667
9668
9669
9671
9673
9673
9674
9674
9675
9675
9676
9676
9676
9677
9677
9677
9677
9678
9680
9680
9683
9685
9685
9685
9686
9686
9690
9691
9691
9691
9691
9691
9692
9692
9694
9694
9695
9695
9696
9697
9699
9699
9699
9699
9701
9701
9701
9702
9703
9703
9703
9704
9706
9708
9708
9709
9709
9711
9711
9712
9713
9714
9715
9716
9716
9717
9719
9720
9720
9720
9722
9722
9723
9728
9729
9730
9731
9732
9732
9733
9734
9734
9735
9737
9737
9738
9741
9741
9741
9742
9742
9743
9744
9745
9745
9746
9747
9747
9750
9750
9750
9752
9753
9756
9758
9759
9760
9760
9761
9762
9763
9764
9765
9766
9766
9766
9767
9767
9772
9772
9775
9778
9780
9780
9781
9782
9782
9782
9783
9783
9784
9785
9785
9786
9786
9787
9788
9789
9794
9795
9796
9796
9797
9797
9799
9799
9799
9800
9800
9800
9802
9802
9803
9806
9812
9812
9813
9815
9815
9817
9817
9818
9819
9820
9820
9825
9825
9827
9827
9830
9830
9832
9832
9833
9833
9835
9836
9836
9838
9839
9841
9841
9842
9843
9844
9845
9847
9848
9850
9850
9850
9850
9853
9853
9854
9856
9856
9858
9858
9862
9864
9864
9865
9865
9866
9868
9868
9868
9868
9870
9870
9871
9872
9872
9873
9873
9874
9874
9874
9875
9876
9876
9877
9877
9879
9879
9882
9882
9883
9886
9886
9887
9888
9888
9889
9889
9891
9894
9896
9897
9897
9898
9900
9900
9901
9901
9901
9903
9903
9905
9905
9906
9907
9907
9908
9911
9912
9912
9913
9913
9913
9914
9916
9918
9919
9920
9921
9922
9922
9923
9923
9926
9926
9929
9933
9933
9933
9935
9939
9939
9940
9940
9941
9943
9945
9946
9948
9948
9949
9950
9952
9952
9953
9954
9954
9954
9956
9956
9957
9958
9958
9959
9960
9963
9963
9964
9965
9965
9966
9967
9968
9968
9970
9971
9972
9972
9973
9973
9974
9975
9975
9977
9977
9978
9981
9981
9981
9982
9983
9984
9985
9986
9986
9987
9987
9989
9989
9990
9990
9990
9995
9996
9996
9998
